0.000045 	 0.000000 	 0.000000
0.000090 	 0.133646 	 0.608816
0.000135 	 0.534451 	 0.611757
0.000180 	 1.202021 	 0.613920
0.000225 	 2.135696 	 0.615039
0.000270 	 3.334556 	 0.614946
0.000315 	 4.797416 	 0.613587
0.000360 	 6.522833 	 0.611026
0.000405 	 8.509105 	 0.607441
0.000450 	 10.754270 	 0.603108
0.000495 	 13.256115 	 0.598374
0.000540 	 16.012169 	 0.593626
0.000585 	 19.019712 	 0.589253
0.000630 	 22.275777 	 0.585612
0.000675 	 25.777150 	 0.582992
0.000720 	 29.520376 	 0.581590
0.000765 	 33.501760 	 0.581488
0.000810 	 37.717374 	 0.582647
0.000855 	 42.163057 	 0.584911
0.000900 	 46.834422 	 0.588020
0.000945 	 51.726858 	 0.591633
0.000990 	 56.835539 	 0.595360
0.001035 	 62.155420 	 0.598798
0.001080 	 67.681254 	 0.601569
0.001125 	 73.407586 	 0.603353
0.001170 	 79.328766 	 0.603924
0.001215 	 85.438949 	 0.603162
0.001260 	 91.732105 	 0.601074
0.001305 	 98.202025 	 0.597789
0.001350 	 104.842323 	 0.593546
0.001395 	 111.646446 	 0.588676
0.001440 	 118.607680 	 0.583569
0.001485 	 125.719153 	 0.578640
0.001530 	 132.973848 	 0.574290
0.001575 	 140.364606 	 0.570868
0.001620 	 147.884133 	 0.568642
0.001665 	 155.525007 	 0.567768
0.001710 	 163.279689 	 0.568283
0.001755 	 171.140525 	 0.570095
0.001800 	 179.099758 	 0.572992
0.001845 	 187.149532 	 0.576664
0.001890 	 195.281904 	 0.580726
0.001935 	 203.488848 	 0.584760
0.001980 	 211.762265 	 0.588344
0.002025 	 220.093990 	 0.591097
0.002070 	 228.475800 	 0.592714
0.002115 	 236.899424 	 0.592989
0.002160 	 245.356548 	 0.591839
0.002205 	 253.838827 	 0.589308
0.002250 	 262.337889 	 0.585566
0.002295 	 270.845347 	 0.580892
0.002340 	 279.352805 	 0.575649
0.002385 	 287.851867 	 0.570251
0.002430 	 296.334146 	 0.565127
0.002475 	 304.791270 	 0.560679
0.002520 	 313.214894 	 0.557248
0.002565 	 321.596704 	 0.555083
0.002610 	 329.928429 	 0.554318
0.002655 	 338.201846 	 0.554959
0.002700 	 346.408790 	 0.556886
0.002745 	 354.541162 	 0.559862
0.002790 	 362.590937 	 0.563557
0.002835 	 370.550170 	 0.567575
0.002880 	 378.411006 	 0.571492
0.002925 	 386.165687 	 0.574895
0.002970 	 393.806562 	 0.577415
0.003015 	 401.326088 	 0.578768
0.003060 	 408.716846 	 0.578771
0.003105 	 415.971542 	 0.577366
0.003150 	 423.083015 	 0.574619
0.003195 	 430.044248 	 0.570717
0.003240 	 436.848371 	 0.565948
0.003285 	 443.488669 	 0.560677
0.003330 	 449.958589 	 0.555312
0.003375 	 456.251746 	 0.550263
0.003420 	 462.361929 	 0.545914
0.003465 	 468.283108 	 0.542579
0.003510 	 474.009440 	 0.540483
0.003555 	 479.535274 	 0.539737
0.003600 	 484.855156 	 0.540331
0.003645 	 489.963836 	 0.542138
0.003690 	 494.856273 	 0.544925
0.003735 	 499.527637 	 0.548375
0.003780 	 503.973320 	 0.552118
0.003825 	 508.188934 	 0.555764
0.003870 	 512.170319 	 0.558938
0.003915 	 515.913544 	 0.561315
0.003960 	 519.414917 	 0.562648
0.004005 	 522.670982 	 0.562786
0.004050 	 525.678526 	 0.561693
0.004095 	 528.434580 	 0.559442
0.004140 	 530.936424 	 0.556209
0.004185 	 533.181590 	 0.552258
0.004230 	 535.167861 	 0.547911
0.004275 	 536.893279 	 0.543520
0.004320 	 538.356139 	 0.539432
0.004365 	 539.554998 	 0.535962
0.004410 	 540.488673 	 0.533360
0.004455 	 541.156243 	 0.531791
0.004500 	 541.557049 	 0.531321
0.004545 	 541.690694 	 0.531917
0.004590 	 541.690694 	 0.533446
0.004635 	 541.690694 	 0.535693
0.004680 	 541.690694 	 0.538384
0.004725 	 541.690694 	 0.541208
0.004770 	 541.690694 	 0.543851
0.004815 	 541.690694 	 0.546025
0.004860 	 541.690694 	 0.547490
0.004905 	 541.690694 	 0.548080
0.004950 	 541.690694 	 0.547713
0.004995 	 541.690694 	 0.546399
0.005040 	 541.690694 	 0.544235
0.005085 	 541.690694 	 0.541391
0.005130 	 541.690694 	 0.538097
0.005175 	 541.690694 	 0.534616
0.005220 	 541.690694 	 0.531217
0.005265 	 541.690694 	 0.528152
0.005310 	 541.690694 	 0.525628
0.005355 	 541.690694 	 0.523794
0.005400 	 541.690694 	 0.522724
0.005445 	 541.690694 	 0.522413
0.005490 	 541.690694 	 0.522784
0.005535 	 541.690694 	 0.523693
0.005580 	 541.690694 	 0.524950
0.005625 	 541.690694 	 0.526338
0.005670 	 541.690694 	 0.527641
0.005715 	 541.690694 	 0.528658
0.005760 	 541.690694 	 0.529235
0.005805 	 541.690694 	 0.529272
0.005850 	 541.690694 	 0.528736
0.005895 	 541.690694 	 0.527664
0.005940 	 541.690694 	 0.526158
0.005985 	 541.690694 	 0.524371
0.006030 	 541.690694 	 0.522491
0.006075 	 541.690694 	 0.520718
0.006120 	 541.690694 	 0.519245
0.006165 	 541.690694 	 0.518230
0.006210 	 541.690694 	 0.517783
0.006255 	 541.690694 	 0.517947
0.006300 	 541.690694 	 0.518694
0.006345 	 541.690694 	 0.519925
0.006390 	 541.690694 	 0.521477
0.006435 	 541.690694 	 0.523139
0.006480 	 541.690694 	 0.524672
0.006525 	 541.690694 	 0.525831
0.006570 	 541.690694 	 0.526394
0.006615 	 541.690694 	 0.526180
0.006660 	 541.690694 	 0.525076
0.006705 	 541.690694 	 0.523045
0.006750 	 541.690694 	 0.520135
0.006795 	 541.690694 	 0.516478
0.006840 	 541.690694 	 0.512279
0.006885 	 541.690694 	 0.507799
0.006930 	 541.690694 	 0.503334
0.006975 	 541.690694 	 0.499183
0.007020 	 541.690694 	 0.495624
0.007065 	 541.690694 	 0.492889
0.007110 	 541.690694 	 0.491134
0.007155 	 541.690694 	 0.490431
0.007200 	 541.690694 	 0.490754
0.007245 	 541.690694 	 0.491984
0.007290 	 541.690694 	 0.493916
0.007335 	 541.690694 	 0.496278
0.007380 	 541.690694 	 0.498758
0.007425 	 541.690694 	 0.501029
0.007470 	 541.690694 	 0.502786
0.007515 	 541.690694 	 0.503769
0.007560 	 541.690694 	 0.503795
0.007605 	 541.690694 	 0.502770
0.007650 	 541.690694 	 0.500706
0.007695 	 541.690694 	 0.497716
0.007740 	 541.690694 	 0.494007
0.007785 	 541.690694 	 0.489862
0.007830 	 541.690694 	 0.485610
0.007875 	 541.690694 	 0.481599
0.007920 	 541.690694 	 0.478158
0.007965 	 541.690694 	 0.475565
0.008010 	 541.690694 	 0.474022
0.008055 	 541.690694 	 0.473628
0.008100 	 541.690694 	 0.474367
0.008145 	 541.690694 	 0.476109
0.008190 	 541.690694 	 0.478619
0.008235 	 541.690694 	 0.481570
0.008280 	 541.690694 	 0.484582
0.008325 	 541.690694 	 0.487247
0.008370 	 541.690694 	 0.489174
0.008415 	 541.690694 	 0.490022
0.008460 	 541.690694 	 0.489538
0.008505 	 541.690694 	 0.487582
0.008550 	 541.690694 	 0.484147
0.008595 	 541.690694 	 0.479360
0.008640 	 541.690694 	 0.473482
0.008685 	 541.690694 	 0.466885
0.008730 	 541.690694 	 0.460023
0.008775 	 541.690694 	 0.453397
0.008820 	 541.690694 	 0.447511
0.008865 	 541.690694 	 0.442829
0.008910 	 541.690694 	 0.439732
0.008955 	 541.690694 	 0.438486
0.009000 	 541.690694 	 0.439214
0.009045 	 541.690694 	 0.441887
0.009090 	 541.690694 	 0.446318
0.009135 	 541.690694 	 0.452181
0.009180 	 541.690694 	 0.459034
0.009225 	 541.690694 	 0.466354
0.009270 	 541.690694 	 0.473586
0.009315 	 541.690694 	 0.480183
0.009360 	 541.690694 	 0.485655
0.009405 	 541.690694 	 0.489612
0.009450 	 541.690694 	 0.491792
0.009495 	 541.690694 	 0.492087
0.009540 	 541.690694 	 0.490547
0.009585 	 541.690694 	 0.487374
0.009630 	 541.690694 	 0.482906
0.009675 	 541.690694 	 0.477578
0.009720 	 541.690694 	 0.471886
0.009765 	 541.690694 	 0.466341
0.009810 	 541.690694 	 0.461419
0.009855 	 541.690694 	 0.457519
0.009900 	 541.690694 	 0.454928
0.009945 	 541.690694 	 0.453792
0.009990 	 541.690694 	 0.454105
0.010035 	 541.690694 	 0.455714
0.010080 	 541.690694 	 0.458330
0.010125 	 541.690694 	 0.461561
0.010170 	 541.690694 	 0.464949
0.010215 	 541.690694 	 0.468018
0.010260 	 541.690694 	 0.470325
0.010305 	 541.690694 	 0.471499
0.010350 	 541.690694 	 0.471288
0.010395 	 541.690694 	 0.469585
0.010440 	 541.690694 	 0.466446
0.010485 	 541.690694 	 0.462088
0.010530 	 541.690694 	 0.456874
0.010575 	 541.690694 	 0.451286
0.010620 	 541.690694 	 0.445881
0.010665 	 541.690694 	 0.441239
0.010710 	 541.690694 	 0.437912
0.010755 	 541.690694 	 0.436366
0.010800 	 541.690694 	 0.436932
0.010845 	 541.690694 	 0.439771
0.010890 	 541.690694 	 0.444845
0.010935 	 541.690694 	 0.451912
0.010980 	 541.690694 	 0.460535
0.011025 	 541.690694 	 0.470108
0.011070 	 541.690694 	 0.479900
0.011115 	 541.690694 	 0.489109
0.011160 	 541.690694 	 0.496925
0.011205 	 541.690694 	 0.502597
0.011250 	 541.690694 	 0.505494
0.011295 	 541.690694 	 0.505162
0.011340 	 541.690694 	 0.501363
0.011385 	 541.690694 	 0.494105
0.011430 	 541.690694 	 0.483644
0.011475 	 541.690694 	 0.470468
0.011520 	 541.690694 	 0.455273
0.011565 	 541.690694 	 0.438902
0.011610 	 541.690694 	 0.422292
0.011655 	 541.690694 	 0.406400
0.011700 	 541.690694 	 0.392128
0.011745 	 541.690694 	 0.380260
0.011790 	 541.690694 	 0.371399
0.011835 	 541.690694 	 0.365925
0.011880 	 541.690694 	 0.363966
0.011925 	 541.690694 	 0.365392
0.011970 	 541.690694 	 0.369827
0.012015 	 541.690694 	 0.376685
0.012060 	 541.690694 	 0.385219
0.012105 	 541.690694 	 0.394585
0.012150 	 541.690694 	 0.403909
0.012195 	 541.690694 	 0.412361
0.012240 	 541.690694 	 0.419224
0.012285 	 541.690694 	 0.423950
0.012330 	 541.690694 	 0.426202
0.012375 	 541.690694 	 0.425884
0.012420 	 541.690694 	 0.423141
0.012465 	 541.690694 	 0.418348
0.012510 	 541.690694 	 0.412070
0.012555 	 541.690694 	 0.405020
0.012600 	 541.690694 	 0.397987
0.012645 	 541.690694 	 0.391773
0.012690 	 541.690694 	 0.387122
0.012735 	 541.690694 	 0.384654
0.012780 	 541.690694 	 0.384811
0.012825 	 541.690694 	 0.387815
0.012870 	 541.690694 	 0.393648
0.012915 	 541.690694 	 0.402046
0.012960 	 541.690694 	 0.412521
0.013005 	 541.690694 	 0.424390
0.013050 	 541.690694 	 0.436831
0.013095 	 541.690694 	 0.448940
0.013140 	 541.690694 	 0.459807
0.013185 	 541.690694 	 0.468574
0.013230 	 541.690694 	 0.474511
0.013275 	 541.690694 	 0.477063
0.013320 	 541.690694 	 0.475894
0.013365 	 541.690694 	 0.470913
0.013410 	 541.690694 	 0.462275
0.013455 	 541.690694 	 0.450376
0.013500 	 541.690694 	 0.435816
0.013545 	 541.690694 	 0.419359
0.013590 	 541.690694 	 0.401878
0.013635 	 541.690694 	 0.384292
0.013680 	 541.690694 	 0.367505
0.013725 	 541.690694 	 0.352346
0.013770 	 541.690694 	 0.339518
0.013815 	 541.690694 	 0.329557
0.013860 	 541.690694 	 0.322806
0.013905 	 541.690694 	 0.319404
0.013950 	 541.690694 	 0.319291
0.013995 	 541.690694 	 0.322220
0.014040 	 541.690694 	 0.327797
0.014085 	 541.690694 	 0.335508
0.014130 	 541.690694 	 0.344773
0.014175 	 541.690694 	 0.354984
0.014220 	 541.690694 	 0.365552
0.014265 	 541.690694 	 0.375943
0.014310 	 541.690694 	 0.385706
0.014355 	 541.690694 	 0.394493
0.014400 	 541.690694 	 0.402069
0.014445 	 541.690694 	 0.408305
0.014490 	 541.690694 	 0.413172
0.014535 	 541.690694 	 0.416716
0.014580 	 541.690694 	 0.419039
0.014625 	 541.690694 	 0.420270
0.014670 	 541.690694 	 0.420542
0.014715 	 541.690694 	 0.419969
0.014760 	 541.690694 	 0.418628
0.014805 	 541.690694 	 0.416553
0.014850 	 541.690694 	 0.413733
0.014895 	 541.690694 	 0.410117
0.014940 	 541.690694 	 0.405631
0.014985 	 541.690694 	 0.400189
0.015030 	 541.690694 	 0.393723
0.015075 	 541.690694 	 0.386198
0.015120 	 541.690694 	 0.377635
0.015165 	 541.690694 	 0.368125
0.015210 	 541.690694 	 0.357840
0.015255 	 541.690694 	 0.347033
0.015300 	 541.690694 	 0.336033
0.015345 	 541.690694 	 0.325229
0.015390 	 541.690694 	 0.315050
0.015435 	 541.690694 	 0.305938
0.015480 	 541.690694 	 0.298315
0.015525 	 541.690694 	 0.292557
0.015570 	 541.690694 	 0.288960
0.015615 	 541.690694 	 0.287718
0.015660 	 541.690694 	 0.288905
0.015705 	 541.690694 	 0.292465
0.015750 	 541.690694 	 0.298209
0.015795 	 541.690694 	 0.305828
0.015840 	 541.690694 	 0.314909
0.015885 	 541.690694 	 0.324962
0.015930 	 541.690694 	 0.335454
0.015975 	 541.690694 	 0.345841
0.016020 	 541.690694 	 0.355607
0.016065 	 541.690694 	 0.364301
0.016110 	 541.690694 	 0.371562
0.016155 	 541.690694 	 0.377149
0.016200 	 541.690694 	 0.380949
0.016245 	 541.690694 	 0.382989
0.016290 	 541.690694 	 0.383424
0.016335 	 541.690694 	 0.382530
0.016380 	 541.690694 	 0.380676
0.016425 	 541.690694 	 0.378295
0.016470 	 541.690694 	 0.375850
0.016515 	 541.690694 	 0.373800
0.016560 	 541.690694 	 0.372564
0.016605 	 541.690694 	 0.372488
0.016650 	 541.690694 	 0.373820
0.016695 	 541.690694 	 0.376692
0.016740 	 541.690694 	 0.381109
0.016785 	 541.690694 	 0.386949
0.016830 	 541.690694 	 0.393972
0.016875 	 541.690694 	 0.401837
0.016920 	 541.690694 	 0.410123
0.016965 	 541.690694 	 0.418364
0.017010 	 541.690694 	 0.426073
0.017055 	 541.690694 	 0.432781
0.017100 	 541.690694 	 0.438067
0.017145 	 541.690694 	 0.441580
0.017190 	 541.690694 	 0.443067
0.017235 	 541.690694 	 0.442384
0.017280 	 541.690694 	 0.439504
0.017325 	 541.690694 	 0.434517
0.017370 	 541.690694 	 0.427619
0.017415 	 541.690694 	 0.419100
0.017460 	 541.690694 	 0.409320
0.017505 	 541.690694 	 0.398691
0.017550 	 541.690694 	 0.387641
0.017595 	 541.690694 	 0.376596
0.017640 	 541.690694 	 0.365953
0.017685 	 541.690694 	 0.356058
0.017730 	 541.690694 	 0.347187
0.017775 	 541.690694 	 0.339539
0.017820 	 541.690694 	 0.333228
0.017865 	 541.690694 	 0.328284
0.017910 	 541.690694 	 0.324659
0.017955 	 541.690694 	 0.322240
0.018000 	 541.690694 	 0.320860
0.018045 	 541.690694 	 0.320317
0.018090 	 541.690694 	 0.320397
0.018135 	 541.690694 	 0.320884
0.018180 	 541.690694 	 0.321582
0.018225 	 541.690694 	 0.322330
0.018270 	 541.690694 	 0.323009
0.018315 	 541.690694 	 0.323548
0.018360 	 541.690694 	 0.323931
0.018405 	 541.690694 	 0.324186
0.018450 	 541.690694 	 0.324387
0.018495 	 541.690694 	 0.324638
0.018540 	 541.690694 	 0.325063
0.018585 	 541.690694 	 0.325791
0.018630 	 541.690694 	 0.326943
0.018675 	 541.690694 	 0.328617
0.018720 	 541.690694 	 0.330877
0.018765 	 541.690694 	 0.333744
0.018810 	 541.690694 	 0.337192
0.018855 	 541.690694 	 0.341141
0.018900 	 541.690694 	 0.345466
0.018945 	 541.690694 	 0.349997
0.018990 	 541.690694 	 0.354531
0.019035 	 541.690694 	 0.358843
0.019080 	 541.690694 	 0.362701
0.019125 	 541.690694 	 0.365879
0.019170 	 541.690694 	 0.368172
0.019215 	 541.690694 	 0.369413
0.019260 	 541.690694 	 0.369480
0.019305 	 541.690694 	 0.368307
0.019350 	 541.690694 	 0.365893
0.019395 	 541.690694 	 0.362296
0.019440 	 541.690694 	 0.357640
0.019485 	 541.690694 	 0.352101
0.019530 	 541.690694 	 0.345904
0.019575 	 541.690694 	 0.339307
0.019620 	 541.690694 	 0.332590
0.019665 	 541.690694 	 0.326037
0.019710 	 541.690694 	 0.319921
0.019755 	 541.690694 	 0.314494
0.019800 	 541.690694 	 0.309968
0.019845 	 541.690694 	 0.306508
0.019890 	 541.690694 	 0.304225
0.019935 	 541.690694 	 0.303169
0.019980 	 541.690694 	 0.303331
0.020025 	 541.690694 	 0.304646
0.020070 	 541.690694 	 0.306995
0.020115 	 541.690694 	 0.310217
0.020160 	 541.690694 	 0.314119
0.020205 	 541.690694 	 0.318483
0.020250 	 541.690694 	 0.323083
0.020295 	 541.690694 	 0.327694
0.020340 	 541.690694 	 0.332101
0.020385 	 541.690694 	 0.336112
0.020430 	 541.690694 	 0.339558
0.020475 	 541.690694 	 0.342308
0.020520 	 541.690694 	 0.344263
0.020565 	 541.690694 	 0.345362
0.020610 	 541.690694 	 0.345577
0.020655 	 541.690694 	 0.344916
0.020700 	 541.690694 	 0.343416
0.020745 	 541.690694 	 0.341140
0.020790 	 541.690694 	 0.338174
0.020835 	 541.690694 	 0.334619
0.020880 	 541.690694 	 0.330593
0.020925 	 541.690694 	 0.326223
0.020970 	 541.690694 	 0.321644
0.021015 	 541.690694 	 0.316993
0.021060 	 541.690694 	 0.312413
0.021105 	 541.690694 	 0.308042
0.021150 	 541.690694 	 0.304015
0.021195 	 541.690694 	 0.300458
0.021240 	 541.690694 	 0.297489
0.021285 	 541.690694 	 0.295205
0.021330 	 541.690694 	 0.293685
0.021375 	 541.690694 	 0.292985
0.021420 	 541.690694 	 0.293129
0.021465 	 541.690694 	 0.294109
0.021510 	 541.690694 	 0.295885
0.021555 	 541.690694 	 0.298378
0.021600 	 541.690694 	 0.301480
0.021645 	 541.690694 	 0.305050
0.021690 	 541.690694 	 0.308925
0.021735 	 541.690694 	 0.312926
0.021780 	 541.690694 	 0.316869
0.021825 	 541.690694 	 0.320574
0.021870 	 541.690694 	 0.323877
0.021915 	 541.690694 	 0.326644
0.021960 	 541.690694 	 0.328778
0.022005 	 541.690694 	 0.330227
0.022050 	 541.690694 	 0.330990
0.022095 	 541.690694 	 0.331119
0.022140 	 541.690694 	 0.330715
0.022185 	 541.690694 	 0.329924
0.022230 	 541.690694 	 0.328927
0.022275 	 541.690694 	 0.327923
0.022320 	 541.690694 	 0.327121
0.022365 	 541.690694 	 0.326719
0.022410 	 541.690694 	 0.326887
0.022455 	 541.690694 	 0.327754
0.022500 	 541.690694 	 0.329396
0.022545 	 541.690694 	 0.331825
0.022590 	 541.690694 	 0.334984
0.022635 	 541.690694 	 0.338752
0.022680 	 541.690694 	 0.342943
0.022725 	 541.690694 	 0.347323
0.022770 	 541.690694 	 0.351623
0.022815 	 541.690694 	 0.355555
0.022860 	 541.690694 	 0.358836
0.022905 	 541.690694 	 0.361205
0.022950 	 541.690694 	 0.362448
0.022995 	 541.690694 	 0.362409
0.023040 	 541.690694 	 0.361007
0.023085 	 541.690694 	 0.358241
0.023130 	 541.690694 	 0.354196
0.023175 	 541.690694 	 0.349035
0.023220 	 541.690694 	 0.342989
0.023265 	 541.690694 	 0.336345
0.023310 	 541.690694 	 0.329423
0.023355 	 541.690694 	 0.322557
0.023400 	 541.690694 	 0.316071
0.023445 	 541.690694 	 0.310255
0.023490 	 541.690694 	 0.305349
0.023535 	 541.690694 	 0.301526
0.023580 	 541.690694 	 0.298880
0.023625 	 541.690694 	 0.297425
0.023670 	 541.690694 	 0.297092
0.023715 	 541.690694 	 0.297742
0.023760 	 541.690694 	 0.299175
0.023805 	 541.690694 	 0.301150
0.023850 	 541.690694 	 0.303401
0.023895 	 541.690694 	 0.305661
0.023940 	 541.690694 	 0.307682
0.023985 	 541.690694 	 0.309250
0.024030 	 541.690694 	 0.310200
0.024075 	 541.690694 	 0.310426
0.024120 	 541.690694 	 0.309882
0.024165 	 541.690694 	 0.308584
0.024210 	 541.690694 	 0.306596
0.024255 	 541.690694 	 0.304026
0.024300 	 541.690694 	 0.301005
0.024345 	 541.690694 	 0.297673
0.024390 	 541.690694 	 0.294163
0.024435 	 541.690694 	 0.290587
0.024480 	 541.690694 	 0.287021
0.024525 	 541.690694 	 0.283502
0.024570 	 541.690694 	 0.280023
0.024615 	 541.690694 	 0.276536
0.024660 	 541.690694 	 0.272962
0.024705 	 541.690694 	 0.269201
0.024750 	 541.690694 	 0.265147
0.024795 	 541.690694 	 0.260709
0.024840 	 541.690694 	 0.255823
0.024885 	 541.690694 	 0.250470
0.024930 	 541.690694 	 0.244686
0.024975 	 541.690694 	 0.238568
0.025020 	 541.690694 	 0.232277
0.025065 	 541.690694 	 0.226033
0.025110 	 541.690694 	 0.220100
0.025155 	 541.690694 	 0.214774
0.025200 	 541.690694 	 0.210360
0.025245 	 541.690694 	 0.207149
0.025290 	 541.690694 	 0.205395
0.025335 	 541.690694 	 0.205293
0.025380 	 541.690694 	 0.206957
0.025425 	 541.690694 	 0.210410
0.025470 	 541.690694 	 0.215576
0.025515 	 541.690694 	 0.222277
0.025560 	 541.690694 	 0.230245
0.025605 	 541.690694 	 0.239134
0.025650 	 541.690694 	 0.248543
0.025695 	 541.690694 	 0.258038
0.025740 	 541.690694 	 0.267187
0.025785 	 541.690694 	 0.275586
0.025830 	 541.690694 	 0.282887
0.025875 	 541.690694 	 0.288819
0.025920 	 541.690694 	 0.293214
0.025965 	 541.690694 	 0.296009
0.026010 	 541.690694 	 0.297253
0.026055 	 541.690694 	 0.297101
0.026100 	 541.690694 	 0.295799
0.026145 	 541.690694 	 0.293666
0.026190 	 541.690694 	 0.291062
0.026235 	 541.690694 	 0.288367
0.026280 	 541.690694 	 0.285944
0.026325 	 541.690694 	 0.284113
0.026370 	 541.690694 	 0.283129
0.026415 	 541.690694 	 0.283158
0.026460 	 541.690694 	 0.284269
0.026505 	 541.690694 	 0.286429
0.026550 	 541.690694 	 0.289507
0.026595 	 541.690694 	 0.293285
0.026640 	 541.690694 	 0.297479
0.026685 	 541.690694 	 0.301764
0.026730 	 541.690694 	 0.305795
0.026775 	 541.690694 	 0.309242
0.026820 	 541.690694 	 0.311811
0.026865 	 541.690694 	 0.313268
0.026910 	 541.690694 	 0.313457
0.026955 	 541.690694 	 0.312309
0.027000 	 541.690694 	 0.309847
0.027045 	 541.690694 	 0.306179
0.027090 	 541.690694 	 0.301488
0.027135 	 541.690694 	 0.296016
0.027180 	 541.690694 	 0.290041
0.027225 	 541.690694 	 0.283853
0.027270 	 541.690694 	 0.277731
0.027315 	 541.690694 	 0.271921
0.027360 	 541.690694 	 0.266618
0.027405 	 541.690694 	 0.261953
0.027450 	 541.690694 	 0.257982
0.027495 	 541.690694 	 0.254693
0.027540 	 541.690694 	 0.252005
0.027585 	 541.690694 	 0.249784
0.027630 	 541.690694 	 0.247859
0.027675 	 541.690694 	 0.246041
0.027720 	 541.690694 	 0.244143
0.027765 	 541.690694 	 0.242001
0.027810 	 541.690694 	 0.239494
0.027855 	 541.690694 	 0.236552
0.027900 	 541.690694 	 0.233172
0.027945 	 541.690694 	 0.229414
0.027990 	 541.690694 	 0.225403
0.028035 	 541.690694 	 0.221316
0.028080 	 541.690694 	 0.217372
0.028125 	 541.690694 	 0.213812
0.028170 	 541.690694 	 0.210881
0.028215 	 541.690694 	 0.208808
0.028260 	 541.690694 	 0.207789
0.028305 	 541.690694 	 0.207968
0.028350 	 541.690694 	 0.209429
0.028395 	 541.690694 	 0.212187
0.028440 	 541.690694 	 0.216188
0.028485 	 541.690694 	 0.221309
0.028530 	 541.690694 	 0.227373
0.028575 	 541.690694 	 0.234153
0.028620 	 541.690694 	 0.241394
0.028665 	 541.690694 	 0.248825
0.028710 	 541.690694 	 0.256179
0.028755 	 541.690694 	 0.263202
0.028800 	 541.690694 	 0.269672
0.028845 	 541.690694 	 0.275407
0.028890 	 541.690694 	 0.280268
0.028935 	 541.690694 	 0.284167
0.028980 	 541.690694 	 0.287060
0.029025 	 541.690694 	 0.288948
0.029070 	 541.690694 	 0.289870
0.029115 	 541.690694 	 0.289895
0.029160 	 541.690694 	 0.289115
0.029205 	 541.690694 	 0.287641
0.029250 	 541.690694 	 0.285592
0.029295 	 541.690694 	 0.283097
0.029340 	 541.690694 	 0.280292
0.029385 	 541.690694 	 0.277313
0.029430 	 541.690694 	 0.274306
0.029475 	 541.690694 	 0.271417
0.029520 	 541.690694 	 0.268801
0.029565 	 541.690694 	 0.266616
0.029610 	 541.690694 	 0.265021
0.029655 	 541.690694 	 0.264171
0.029700 	 541.690694 	 0.264210
0.029745 	 541.690694 	 0.265261
0.029790 	 541.690694 	 0.267415
0.029835 	 541.690694 	 0.270721
0.029880 	 541.690694 	 0.275169
0.029925 	 541.690694 	 0.280690
0.029970 	 541.690694 	 0.287141
0.030015 	 541.690694 	 0.294307
0.030060 	 541.690694 	 0.301905
0.030105 	 541.690694 	 0.309590
0.030150 	 541.690694 	 0.316974
0.030195 	 541.690694 	 0.323642
0.030240 	 541.690694 	 0.329180
0.030285 	 541.690694 	 0.333199
0.030330 	 541.690694 	 0.335364
0.030375 	 541.690694 	 0.335423
0.030420 	 541.690694 	 0.333224
0.030465 	 541.690694 	 0.328736
0.030510 	 541.690694 	 0.322057
0.030555 	 541.690694 	 0.313409
0.030600 	 541.690694 	 0.303135
0.030645 	 541.690694 	 0.291673
0.030690 	 541.690694 	 0.279527
0.030735 	 541.690694 	 0.267238
0.030780 	 541.690694 	 0.255338
0.030825 	 541.690694 	 0.244312
0.030870 	 541.690694 	 0.234559
0.030915 	 541.690694 	 0.226359
0.030960 	 541.690694 	 0.219848
0.031005 	 541.690694 	 0.215004
0.031050 	 541.690694 	 0.211646
0.031095 	 541.690694 	 0.209450
0.031140 	 541.690694 	 0.207969
0.031185 	 541.690694 	 0.206674
0.031230 	 541.690694 	 0.204999
0.031275 	 541.690694 	 0.202397
0.031320 	 541.690694 	 0.198387
0.031365 	 541.690694 	 0.192610
0.031410 	 541.690694 	 0.184867
0.031455 	 541.690694 	 0.175159
0.031500 	 541.690694 	 0.163691
0.031545 	 541.690694 	 0.150885
0.031590 	 541.690694 	 0.137352
0.031635 	 541.690694 	 0.123859
0.031680 	 541.690694 	 0.111279
0.031725 	 541.690694 	 0.100528
0.031770 	 541.690694 	 0.092491
0.031815 	 541.690694 	 0.087954
0.031860 	 541.690694 	 0.087530
0.031905 	 541.690694 	 0.091603
0.031950 	 541.690694 	 0.100282
0.031995 	 541.690694 	 0.113376
0.032040 	 541.690694 	 0.130386
0.032085 	 541.690694 	 0.150531
0.032130 	 541.690694 	 0.172784
0.032175 	 541.690694 	 0.195939
0.032220 	 541.690694 	 0.218687
0.032265 	 541.690694 	 0.239708
0.032310 	 541.690694 	 0.257766
0.032355 	 541.690694 	 0.271799
0.032400 	 541.690694 	 0.281003
0.032445 	 541.690694 	 0.284895
0.032490 	 541.690694 	 0.283357
0.032535 	 541.690694 	 0.276653
0.032580 	 541.690694 	 0.265417
0.032625 	 541.690694 	 0.250610
0.032670 	 541.690694 	 0.233456
0.032715 	 541.690694 	 0.215353
0.032760 	 541.690694 	 0.197772
0.032805 	 541.690694 	 0.182144
0.032850 	 541.690694 	 0.169751
0.032895 	 541.690694 	 0.161625
0.032940 	 541.690694 	 0.158466
0.032985 	 541.690694 	 0.160581
0.033030 	 541.690694 	 0.167858
0.033075 	 541.690694 	 0.179762
0.033120 	 541.690694 	 0.195375
0.033165 	 541.690694 	 0.213458
0.033210 	 541.690694 	 0.232544
0.033255 	 541.690694 	 0.251050
0.033300 	 541.690694 	 0.267395
0.033345 	 541.690694 	 0.280131
0.033390 	 541.690694 	 0.288053
0.033435 	 541.690694 	 0.290306
0.033480 	 541.690694 	 0.286456
0.033525 	 541.690694 	 0.276532
0.033570 	 541.690694 	 0.261039
0.033615 	 541.690694 	 0.240927
0.033660 	 541.690694 	 0.217526
0.033705 	 541.690694 	 0.192456
0.033750 	 541.690694 	 0.167504
0.033795 	 541.690694 	 0.144493
0.033840 	 541.690694 	 0.125143
0.033885 	 541.690694 	 0.110939
0.033930 	 541.690694 	 0.103011
0.033975 	 541.690694 	 0.102043
0.034020 	 541.690694 	 0.108212
0.034065 	 541.690694 	 0.121163
0.034110 	 541.690694 	 0.140027
0.034155 	 541.690694 	 0.163473
0.034200 	 541.690694 	 0.189800
0.034245 	 541.690694 	 0.217052
0.034290 	 541.690694 	 0.243163
0.034335 	 541.690694 	 0.266100
0.034380 	 541.690694 	 0.284014
0.034425 	 541.690694 	 0.295378
0.034470 	 541.690694 	 0.299102
0.034515 	 541.690694 	 0.294611
0.034560 	 541.690694 	 0.281902
0.034605 	 541.690694 	 0.261540
0.034650 	 541.690694 	 0.234627
0.034695 	 541.690694 	 0.202730
0.034740 	 541.690694 	 0.167770
0.034785 	 541.690694 	 0.131891
0.034830 	 541.690694 	 0.097314
0.034875 	 541.690694 	 0.066180
0.034920 	 541.690694 	 0.040413
0.034965 	 541.690694 	 0.021581
0.035010 	 541.690694 	 0.010800
0.035055 	 541.690694 	 0.008663
0.035100 	 541.690694 	 0.015206
0.035145 	 541.690694 	 0.029916
0.035190 	 541.690694 	 0.051775
0.035235 	 541.690694 	 0.079341
0.035280 	 541.690694 	 0.110852
0.035325 	 541.690694 	 0.144354
0.035370 	 541.690694 	 0.177838
0.035415 	 541.690694 	 0.209378
0.035460 	 541.690694 	 0.237254
0.035505 	 541.690694 	 0.260068
0.035550 	 541.690694 	 0.276818
0.035595 	 541.690694 	 0.286960
0.035640 	 541.690694 	 0.290417
0.035685 	 541.690694 	 0.287567
0.035730 	 541.690694 	 0.279198
0.035775 	 541.690694 	 0.266429
0.035820 	 541.690694 	 0.250618
0.035865 	 541.690694 	 0.233255
0.035910 	 541.690694 	 0.215851
0.035955 	 541.690694 	 0.199829
0.036000 	 541.690694 	 0.186434
0.036045 	 541.690694 	 0.176648
0.036090 	 541.690694 	 0.171142
0.036135 	 541.690694 	 0.170243
0.036180 	 541.690694 	 0.173934
0.036225 	 541.690694 	 0.181869
0.036270 	 541.690694 	 0.193422
0.036315 	 541.690694 	 0.207742
0.036360 	 541.690694 	 0.223826
0.036405 	 541.690694 	 0.240594
0.036450 	 541.690694 	 0.256963
0.036495 	 541.690694 	 0.271920
0.036540 	 541.690694 	 0.284578
0.036585 	 541.690694 	 0.294223
0.036630 	 541.690694 	 0.300341
0.036675 	 541.690694 	 0.302634
0.036720 	 541.690694 	 0.301016
0.036765 	 541.690694 	 0.295597
0.036810 	 541.690694 	 0.286659
0.036855 	 541.690694 	 0.274620
0.036900 	 541.690694 	 0.260002
0.036945 	 541.690694 	 0.243394
0.036990 	 541.690694 	 0.225417
0.037035 	 541.690694 	 0.206700
0.037080 	 541.690694 	 0.187854
0.037125 	 541.690694 	 0.169463
0.037170 	 541.690694 	 0.152070
0.037215 	 541.690694 	 0.136172
0.037260 	 541.690694 	 0.122219
0.037305 	 541.690694 	 0.110615
0.037350 	 541.690694 	 0.101708
0.037395 	 541.690694 	 0.095788
0.037440 	 541.690694 	 0.093079
0.037485 	 541.690694 	 0.093719
0.037530 	 541.690694 	 0.097752
0.037575 	 541.690694 	 0.105101
0.037620 	 541.690694 	 0.115560
0.037665 	 541.690694 	 0.128775
0.037710 	 541.690694 	 0.144239
0.037755 	 541.690694 	 0.161293
0.037800 	 541.690694 	 0.179141
0.037845 	 541.690694 	 0.196874
0.037890 	 541.690694 	 0.213507
0.037935 	 541.690694 	 0.228030
0.037980 	 541.690694 	 0.239463
0.038025 	 541.690694 	 0.246920
0.038070 	 541.690694 	 0.249675
0.038115 	 541.690694 	 0.247222
0.038160 	 541.690694 	 0.239325
0.038205 	 541.690694 	 0.226055
0.038250 	 541.690694 	 0.207813
0.038295 	 541.690694 	 0.185324
0.038340 	 541.690694 	 0.159613
0.038385 	 541.690694 	 0.131956
0.038430 	 541.690694 	 0.103815
0.038475 	 541.690694 	 0.076748
0.038520 	 541.690694 	 0.052312
0.038565 	 541.690694 	 0.031961
0.038610 	 541.690694 	 0.016945
0.038655 	 541.690694 	 0.008215
0.038700 	 541.690694 	 0.006352
0.038745 	 541.690694 	 0.011510
0.038790 	 541.690694 	 0.023392
0.038835 	 541.690694 	 0.041256
0.038880 	 541.690694 	 0.063949
0.038925 	 541.690694 	 0.089972
0.038970 	 541.690694 	 0.117573
0.039015 	 541.690694 	 0.144858
0.039060 	 541.690694 	 0.169915
0.039105 	 541.690694 	 0.190946
0.039150 	 541.690694 	 0.206386
0.039195 	 541.690694 	 0.215021
0.039240 	 541.690694 	 0.216069
0.039285 	 541.690694 	 0.209248
0.039330 	 541.690694 	 0.194798
0.039375 	 541.690694 	 0.173474
0.039420 	 541.690694 	 0.146502
0.039465 	 541.690694 	 0.115503
0.039510 	 541.690694 	 0.082386
0.039555 	 541.690694 	 0.049226
0.039600 	 541.690694 	 0.018127
0.039645 	 541.690694 	 -0.008919
0.039690 	 541.690694 	 -0.030158
0.039735 	 541.690694 	 -0.044195
0.039780 	 541.690694 	 -0.050083
0.039825 	 541.690694 	 -0.047380
0.039870 	 541.690694 	 -0.036181
0.039915 	 541.690694 	 -0.017107
0.039960 	 541.690694 	 0.008739
0.040005 	 541.690694 	 0.039843
0.040050 	 541.690694 	 0.074386
0.040095 	 541.690694 	 0.110358
0.040140 	 541.690694 	 0.145691
0.040185 	 541.690694 	 0.178388
0.040230 	 541.690694 	 0.206648
0.040275 	 541.690694 	 0.228974
0.040320 	 541.690694 	 0.244261
0.040365 	 541.690694 	 0.251852
0.040410 	 541.690694 	 0.251565
0.040455 	 541.690694 	 0.243695
0.040500 	 541.690694 	 0.228974
0.040545 	 541.690694 	 0.208509
0.040590 	 541.690694 	 0.183704
0.040635 	 541.690694 	 0.156159
0.040680 	 541.690694 	 0.127560
0.040725 	 541.690694 	 0.099574
0.040770 	 541.690694 	 0.073750
0.040815 	 541.690694 	 0.051424
0.040860 	 541.690694 	 0.033656
0.040905 	 541.690694 	 0.021172
0.040950 	 541.690694 	 0.014347
0.040995 	 541.690694 	 0.013199
0.041040 	 541.690694 	 0.017413
0.041085 	 541.690694 	 0.026380
0.041130 	 541.690694 	 0.039256
0.041175 	 541.690694 	 0.055035
0.041220 	 541.690694 	 0.072618
0.041265 	 541.690694 	 0.090895
0.041310 	 541.690694 	 0.108817
0.041355 	 541.690694 	 0.125457
0.041400 	 541.690694 	 0.140064
0.041445 	 541.690694 	 0.152100
0.041490 	 541.690694 	 0.161257
0.041535 	 541.690694 	 0.167460
0.041580 	 541.690694 	 0.170858
0.041625 	 541.690694 	 0.171789
0.041670 	 541.690694 	 0.170746
0.041715 	 541.690694 	 0.168323
0.041760 	 541.690694 	 0.165165
0.041805 	 541.690694 	 0.161911
0.041850 	 541.690694 	 0.159141
0.041895 	 541.690694 	 0.157327
0.041940 	 541.690694 	 0.156796
0.041985 	 541.690694 	 0.157699
0.042030 	 541.690694 	 0.159999
0.042075 	 541.690694 	 0.163466
0.042120 	 541.690694 	 0.167689
0.042165 	 541.690694 	 0.172100
0.042210 	 541.690694 	 0.176014
0.042255 	 541.690694 	 0.178669
0.042300 	 541.690694 	 0.179288
0.042345 	 541.690694 	 0.177127
0.042390 	 541.690694 	 0.171545
0.042435 	 541.690694 	 0.162051
0.042480 	 541.690694 	 0.148362
0.042525 	 541.690694 	 0.130438
0.042570 	 541.690694 	 0.108515
0.042615 	 541.690694 	 0.083115
0.042660 	 541.690694 	 0.055047
0.042705 	 541.690694 	 0.025377
0.042750 	 541.690694 	 -0.004600
0.042795 	 541.690694 	 -0.033426
0.042840 	 541.690694 	 -0.059544
0.042885 	 541.690694 	 -0.081383
0.042930 	 541.690694 	 -0.097448
0.042975 	 541.690694 	 -0.106406
0.043020 	 541.690694 	 -0.107182
0.043065 	 541.690694 	 -0.099033
0.043110 	 541.690694 	 -0.081618
0.043155 	 541.690694 	 -0.055045
0.043200 	 541.690694 	 -0.019896
0.043245 	 541.690694 	 0.022776
0.043290 	 541.690694 	 0.071469
0.043335 	 541.690694 	 0.124293
0.043380 	 541.690694 	 0.179048
0.043425 	 541.690694 	 0.233326
0.043470 	 541.690694 	 0.284631
0.043515 	 541.690694 	 0.330506
0.043560 	 541.690694 	 0.368672
0.043605 	 541.690694 	 0.397149
0.043650 	 541.690694 	 0.414372
0.043695 	 541.690694 	 0.419289
0.043740 	 541.690694 	 0.411421
0.043785 	 541.690694 	 0.390900
0.043830 	 541.690694 	 0.358468
0.043875 	 541.690694 	 0.315441
0.043920 	 541.690694 	 0.263634
0.043965 	 541.690694 	 0.205267
0.044010 	 541.690694 	 0.142836
0.044055 	 541.690694 	 0.078977
0.044100 	 541.690694 	 0.016315
0.044145 	 541.690694 	 -0.042679
0.044190 	 541.690694 	 -0.095820
0.044235 	 541.690694 	 -0.141321
0.044280 	 541.690694 	 -0.177882
0.044325 	 541.690694 	 -0.204737
0.044370 	 541.690694 	 -0.221677
0.044415 	 541.690694 	 -0.229027
0.044460 	 541.690694 	 -0.227594
0.044505 	 541.690694 	 -0.218581
0.044550 	 541.690694 	 -0.203487
0.044595 	 541.690694 	 -0.183976
0.044640 	 541.690694 	 -0.161756
0.044685 	 541.690694 	 -0.138447
0.044730 	 541.690694 	 -0.115470
0.044775 	 541.690694 	 -0.093952
0.044820 	 541.690694 	 -0.074664
0.044865 	 541.690694 	 -0.057981
0.044910 	 541.690694 	 -0.043883
0.044955 	 541.690694 	 -0.031990
0.045000 	 541.690694 	 -0.021622
0.045045 	 541.690694 	 -0.011887
0.045090 	 541.690694 	 -0.001789
0.045135 	 541.690694 	 0.009664
0.045180 	 541.690694 	 0.023338
0.045225 	 541.690694 	 0.039875
0.045270 	 541.690694 	 0.059605
0.045315 	 541.690694 	 0.082482
0.045360 	 541.690694 	 0.108056
0.045405 	 541.690694 	 0.135474
0.045450 	 541.690694 	 0.163516
0.045495 	 541.690694 	 0.190662
0.045540 	 541.690694 	 0.215184
0.045585 	 541.690694 	 0.235265
0.045630 	 541.690694 	 0.249119
0.045675 	 541.690694 	 0.255131
0.045720 	 541.690694 	 0.251969
0.045765 	 541.690694 	 0.238703
0.045810 	 541.690694 	 0.214886
0.045855 	 541.690694 	 0.180610
0.045900 	 541.690694 	 0.136531
0.045945 	 541.690694 	 0.083851
0.045990 	 541.690694 	 0.024277
0.046035 	 541.690694 	 -0.040065
0.046080 	 541.690694 	 -0.106737
0.046125 	 541.690694 	 -0.173112
0.046170 	 541.690694 	 -0.236515
0.046215 	 541.690694 	 -0.294364
0.046260 	 541.690694 	 -0.344308
0.046305 	 541.690694 	 -0.384349
0.046350 	 541.690694 	 -0.412939
0.046395 	 541.690694 	 -0.429063
0.046440 	 541.690694 	 -0.432279
0.046485 	 541.690694 	 -0.422732
0.046530 	 541.690694 	 -0.401140
0.046575 	 541.690694 	 -0.368741
0.046620 	 541.690694 	 -0.327223
0.046665 	 541.690694 	 -0.278628
0.046710 	 541.690694 	 -0.225242
0.046755 	 541.690694 	 -0.169479
0.046800 	 541.690694 	 -0.113756
0.046845 	 541.690694 	 -0.060383
0.046890 	 541.690694 	 -0.011456
0.046935 	 541.690694 	 0.031232
0.046980 	 541.690694 	 0.066260
0.047025 	 541.690694 	 0.092625
0.047070 	 541.690694 	 0.109767
0.047115 	 541.690694 	 0.117566
0.047160 	 541.690694 	 0.116325
0.047205 	 541.690694 	 0.106726
0.047250 	 541.690694 	 0.089771
0.047295 	 541.690694 	 0.066716
0.047340 	 541.690694 	 0.038994
0.047385 	 541.690694 	 0.008129
0.047430 	 541.690694 	 -0.024337
0.047475 	 541.690694 	 -0.056928
0.047520 	 541.690694 	 -0.088292
0.047565 	 541.690694 	 -0.117266
0.047610 	 541.690694 	 -0.142913
0.047655 	 541.690694 	 -0.164557
0.047700 	 541.690694 	 -0.181789
0.047745 	 541.690694 	 -0.194473
0.047790 	 541.690694 	 -0.202727
0.047835 	 541.690694 	 -0.206893
0.047880 	 541.690694 	 -0.207498
0.047925 	 541.690694 	 -0.205207
0.047970 	 541.690694 	 -0.200766
0.048015 	 541.690694 	 -0.194946
0.048060 	 541.690694 	 -0.188488
0.048105 	 541.690694 	 -0.182053
0.048150 	 541.690694 	 -0.176172
0.048195 	 541.690694 	 -0.171220
0.048240 	 541.690694 	 -0.167387
0.048285 	 541.690694 	 -0.164677
0.048330 	 541.690694 	 -0.162911
0.048375 	 541.690694 	 -0.161748
0.048420 	 541.690694 	 -0.160723
0.048465 	 541.690694 	 -0.159292
0.048510 	 541.690694 	 -0.156882
0.048555 	 541.690694 	 -0.152954
0.048600 	 541.690694 	 -0.147056
0.048645 	 541.690694 	 -0.138879
0.048690 	 541.690694 	 -0.128299
0.048735 	 541.690694 	 -0.115411
0.048780 	 541.690694 	 -0.100542
0.048825 	 541.690694 	 -0.084250
0.048870 	 541.690694 	 -0.067301
0.048915 	 541.690694 	 -0.050631
0.048960 	 541.690694 	 -0.035287
0.049005 	 541.690694 	 -0.022358
0.049050 	 541.690694 	 -0.012895
0.049095 	 541.690694 	 -0.007831
0.049140 	 541.690694 	 -0.007900
0.049185 	 541.690694 	 -0.013567
0.049230 	 541.690694 	 -0.024972
0.049275 	 541.690694 	 -0.041896
0.049320 	 541.690694 	 -0.063747
0.049365 	 541.690694 	 -0.089575
0.049410 	 541.690694 	 -0.118114
0.049455 	 541.690694 	 -0.147844
0.049500 	 541.690694 	 -0.177081
0.049545 	 541.690694 	 -0.204078
0.049590 	 541.690694 	 -0.227136
0.049635 	 541.690694 	 -0.244719
0.049680 	 541.690694 	 -0.255563
0.049725 	 541.690694 	 -0.258764
0.049770 	 541.690694 	 -0.253856
0.049815 	 541.690694 	 -0.240855
0.049860 	 541.690694 	 -0.220272
0.049905 	 541.690694 	 -0.193095
0.049950 	 541.690694 	 -0.160738
0.049995 	 541.690694 	 -0.124961
0.050040 	 541.690694 	 -0.087764
0.050085 	 541.690694 	 -0.051260
0.050130 	 541.690694 	 -0.017546
0.050175 	 541.690694 	 0.011439
0.050220 	 541.690694 	 0.034035
0.050265 	 541.690694 	 0.048972
0.050310 	 541.690694 	 0.055454
0.050355 	 541.690694 	 0.053213
0.050400 	 541.690694 	 0.042521
0.050445 	 541.690694 	 0.024175
0.050490 	 541.690694 	 -0.000561
0.050535 	 541.690694 	 -0.030042
0.050580 	 541.690694 	 -0.062355
0.050625 	 541.690694 	 -0.095443
0.050670 	 541.690694 	 -0.127251
0.050715 	 541.690694 	 -0.155853
0.050760 	 541.690694 	 -0.179581
0.050805 	 541.690694 	 -0.197129
0.050850 	 541.690694 	 -0.207634
0.050895 	 541.690694 	 -0.210716
0.050940 	 541.690694 	 -0.206499
0.050985 	 541.690694 	 -0.195586
0.051030 	 541.690694 	 -0.179004
0.051075 	 541.690694 	 -0.158126
0.051120 	 541.690694 	 -0.134568
0.051165 	 541.690694 	 -0.110072
0.051210 	 541.690694 	 -0.086387
0.051255 	 541.690694 	 -0.065150
0.051300 	 541.690694 	 -0.047783
0.051345 	 541.690694 	 -0.035405
0.051390 	 541.690694 	 -0.028769
0.051435 	 541.690694 	 -0.028229
0.051480 	 541.690694 	 -0.033732
0.051525 	 541.690694 	 -0.044844
0.051570 	 541.690694 	 -0.060792
0.051615 	 541.690694 	 -0.080535
0.051660 	 541.690694 	 -0.102847
0.051705 	 541.690694 	 -0.126402
0.051750 	 541.690694 	 -0.149867
0.051795 	 541.690694 	 -0.171991
0.051840 	 541.690694 	 -0.191669
0.051885 	 541.690694 	 -0.208009
0.051930 	 541.690694 	 -0.220366
0.051975 	 541.690694 	 -0.228364
0.052020 	 541.690694 	 -0.231894
0.052065 	 541.690694 	 -0.231102
0.052110 	 541.690694 	 -0.226351
0.052155 	 541.690694 	 -0.218185
0.052200 	 541.690694 	 -0.207277
0.052245 	 541.690694 	 -0.194382
0.052290 	 541.690694 	 -0.180287
0.052335 	 541.690694 	 -0.165768
0.052380 	 541.690694 	 -0.151558
0.052425 	 541.690694 	 -0.138319
0.052470 	 541.690694 	 -0.126625
0.052515 	 541.690694 	 -0.116956
0.052560 	 541.690694 	 -0.109693
0.052605 	 541.690694 	 -0.105126
0.052650 	 541.690694 	 -0.103454
0.052695 	 541.690694 	 -0.104796
0.052740 	 541.690694 	 -0.109192
0.052785 	 541.690694 	 -0.116608
0.052830 	 541.690694 	 -0.126928
0.052875 	 541.690694 	 -0.139957
0.052920 	 541.690694 	 -0.155407
0.052965 	 541.690694 	 -0.172897
0.053010 	 541.690694 	 -0.191947
0.053055 	 541.690694 	 -0.211978
0.053100 	 541.690694 	 -0.232320
0.053145 	 541.690694 	 -0.252230
0.053190 	 541.690694 	 -0.270917
0.053235 	 541.690694 	 -0.287574
0.053280 	 541.690694 	 -0.301424
0.053325 	 541.690694 	 -0.311768
0.053370 	 541.690694 	 -0.318030
0.053415 	 541.690694 	 -0.319813
0.053460 	 541.690694 	 -0.316936
0.053505 	 541.690694 	 -0.309465
0.053550 	 541.690694 	 -0.297736
0.053595 	 541.690694 	 -0.282350
0.053640 	 541.690694 	 -0.264155
0.053685 	 541.690694 	 -0.244204
0.053730 	 541.690694 	 -0.223704
0.053775 	 541.690694 	 -0.203936
0.053820 	 541.690694 	 -0.186173
0.053865 	 541.690694 	 -0.171589
0.053910 	 541.690694 	 -0.161173
0.053955 	 541.690694 	 -0.155648
0.054000 	 541.690694 	 -0.155402
0.054045 	 541.690694 	 -0.160450
0.054090 	 541.690694 	 -0.170411
0.054135 	 541.690694 	 -0.184521
0.054180 	 541.690694 	 -0.201670
0.054225 	 541.690694 	 -0.220472
0.054270 	 541.690694 	 -0.239353
0.054315 	 541.690694 	 -0.256663
0.054360 	 541.690694 	 -0.270791
0.054405 	 541.690694 	 -0.280292
0.054450 	 541.690694 	 -0.283992
0.054495 	 541.690694 	 -0.281095
0.054540 	 541.690694 	 -0.271246
0.054585 	 541.690694 	 -0.254582
0.054630 	 541.690694 	 -0.231737
0.054675 	 541.690694 	 -0.203812
0.054720 	 541.690694 	 -0.172316
0.054765 	 541.690694 	 -0.139065
0.054810 	 541.690694 	 -0.106070
0.054855 	 541.690694 	 -0.075392
0.054900 	 541.690694 	 -0.049002
0.054945 	 541.690694 	 -0.028636
0.054990 	 541.690694 	 -0.015673
0.055035 	 541.690694 	 -0.011027
0.055080 	 541.690694 	 -0.015075
0.055125 	 541.690694 	 -0.027628
0.055170 	 541.690694 	 -0.047934
0.055215 	 541.690694 	 -0.074726
0.055260 	 541.690694 	 -0.106310
0.055305 	 541.690694 	 -0.140679
0.055350 	 541.690694 	 -0.175654
0.055395 	 541.690694 	 -0.209037
0.055440 	 541.690694 	 -0.238762
0.055485 	 541.690694 	 -0.263046
0.055530 	 541.690694 	 -0.280503
0.055575 	 541.690694 	 -0.290246
0.055620 	 541.690694 	 -0.291941
0.055665 	 541.690694 	 -0.285824
0.055710 	 541.690694 	 -0.272679
0.055755 	 541.690694 	 -0.253771
0.055800 	 541.690694 	 -0.230749
0.055845 	 541.690694 	 -0.205522
0.055890 	 541.690694 	 -0.180112
0.055935 	 541.690694 	 -0.156506
0.055980 	 541.690694 	 -0.136511
0.056025 	 541.690694 	 -0.121624
0.056070 	 541.690694 	 -0.112922
0.056115 	 541.690694 	 -0.110997
0.056160 	 541.690694 	 -0.115917
0.056205 	 541.690694 	 -0.127232
0.056250 	 541.690694 	 -0.144021
0.056295 	 541.690694 	 -0.164968
0.056340 	 541.690694 	 -0.188475
0.056385 	 541.690694 	 -0.212784
0.056430 	 541.690694 	 -0.236119
0.056475 	 541.690694 	 -0.256818
0.056520 	 541.690694 	 -0.273459
0.056565 	 541.690694 	 -0.284963
0.056610 	 541.690694 	 -0.290669
0.056655 	 541.690694 	 -0.290373
0.056700 	 541.690694 	 -0.284336
0.056745 	 541.690694 	 -0.273253
0.056790 	 541.690694 	 -0.258186
0.056835 	 541.690694 	 -0.240476
0.056880 	 541.690694 	 -0.221635
0.056925 	 541.690694 	 -0.203219
0.056970 	 541.690694 	 -0.186710
0.057015 	 541.690694 	 -0.173399
0.057060 	 541.690694 	 -0.164292
0.057105 	 541.690694 	 -0.160034
0.057150 	 541.690694 	 -0.160867
0.057195 	 541.690694 	 -0.166620
0.057240 	 541.690694 	 -0.176727
0.057285 	 541.690694 	 -0.190282
0.057330 	 541.690694 	 -0.206113
0.057375 	 541.690694 	 -0.222879
0.057420 	 541.690694 	 -0.239176
0.057465 	 541.690694 	 -0.253642
0.057510 	 541.690694 	 -0.265067
0.057555 	 541.690694 	 -0.272475
0.057600 	 541.690694 	 -0.275195
0.057645 	 541.690694 	 -0.272905
0.057690 	 541.690694 	 -0.265647
0.057735 	 541.690694 	 -0.253815
0.057780 	 541.690694 	 -0.238117
0.057825 	 541.690694 	 -0.219513
0.057870 	 541.690694 	 -0.199141
0.057915 	 541.690694 	 -0.178226
0.057960 	 541.690694 	 -0.157988
0.058005 	 541.690694 	 -0.139557
0.058050 	 541.690694 	 -0.123895
0.058095 	 541.690694 	 -0.111733
0.058140 	 541.690694 	 -0.103536
0.058185 	 541.690694 	 -0.099477
0.058230 	 541.690694 	 -0.099449
0.058275 	 541.690694 	 -0.103089
0.058320 	 541.690694 	 -0.109823
0.058365 	 541.690694 	 -0.118925
0.058410 	 541.690694 	 -0.129587
0.058455 	 541.690694 	 -0.140988
0.058500 	 541.690694 	 -0.152362
0.058545 	 541.690694 	 -0.163058
0.058590 	 541.690694 	 -0.172583
0.058635 	 541.690694 	 -0.180638
0.058680 	 541.690694 	 -0.187122
0.058725 	 541.690694 	 -0.192134
0.058770 	 541.690694 	 -0.195944
0.058815 	 541.690694 	 -0.198961
0.058860 	 541.690694 	 -0.201682
0.058905 	 541.690694 	 -0.204641
0.058950 	 541.690694 	 -0.208355
0.058995 	 541.690694 	 -0.213269
0.059040 	 541.690694 	 -0.219718
0.059085 	 541.690694 	 -0.227890
0.059130 	 541.690694 	 -0.237811
0.059175 	 541.690694 	 -0.249337
0.059220 	 541.690694 	 -0.262163
0.059265 	 541.690694 	 -0.275849
0.059310 	 541.690694 	 -0.289853
0.059355 	 541.690694 	 -0.303569
0.059400 	 541.690694 	 -0.316376
0.059445 	 541.690694 	 -0.327680
0.059490 	 541.690694 	 -0.336960
0.059535 	 541.690694 	 -0.343798
0.059580 	 541.690694 	 -0.347913
0.059625 	 541.690694 	 -0.349170
0.059670 	 541.690694 	 -0.347589
0.059715 	 541.690694 	 -0.343335
0.059760 	 541.690694 	 -0.336706
0.059805 	 541.690694 	 -0.328106
0.059850 	 541.690694 	 -0.318018
0.059895 	 541.690694 	 -0.306965
0.059940 	 541.690694 	 -0.295485
0.059985 	 541.690694 	 -0.284095
0.060030 	 541.690694 	 -0.273264
0.060075 	 541.690694 	 -0.263397
0.060120 	 541.690694 	 -0.254816
0.060165 	 541.690694 	 -0.247756
0.060210 	 541.690694 	 -0.242365
0.060255 	 541.690694 	 -0.238706
0.060300 	 541.690694 	 -0.236773
0.060345 	 541.690694 	 -0.236494
0.060390 	 541.690694 	 -0.237753
0.060435 	 541.690694 	 -0.240397
0.060480 	 541.690694 	 -0.244252
0.060525 	 541.690694 	 -0.249125
0.060570 	 541.690694 	 -0.254816
0.060615 	 541.690694 	 -0.261118
0.060660 	 541.690694 	 -0.267817
0.060705 	 541.690694 	 -0.274691
0.060750 	 541.690694 	 -0.281512
0.060795 	 541.690694 	 -0.288041
0.060840 	 541.690694 	 -0.294034
0.060885 	 541.690694 	 -0.299240
0.060930 	 541.690694 	 -0.303413
0.060975 	 541.690694 	 -0.306318
0.061020 	 541.690694 	 -0.307746
0.061065 	 541.690694 	 -0.307525
0.061110 	 541.690694 	 -0.305536
0.061155 	 541.690694 	 -0.301726
0.061200 	 541.690694 	 -0.296121
0.061245 	 541.690694 	 -0.288828
0.061290 	 541.690694 	 -0.280042
0.061335 	 541.690694 	 -0.270039
0.061380 	 541.690694 	 -0.259167
0.061425 	 541.690694 	 -0.247830
0.061470 	 541.690694 	 -0.236465
0.061515 	 541.690694 	 -0.225520
0.061560 	 541.690694 	 -0.215421
0.061605 	 541.690694 	 -0.206553
0.061650 	 541.690694 	 -0.199227
0.061695 	 541.690694 	 -0.193664
0.061740 	 541.690694 	 -0.189979
0.061785 	 541.690694 	 -0.188177
0.061830 	 541.690694 	 -0.188150
0.061875 	 541.690694 	 -0.189691
0.061920 	 541.690694 	 -0.192511
0.061965 	 541.690694 	 -0.196263
0.062010 	 541.690694 	 -0.200575
0.062055 	 541.690694 	 -0.205075
0.062100 	 541.690694 	 -0.209431
0.062145 	 541.690694 	 -0.213373
0.062190 	 541.690694 	 -0.216718
0.062235 	 541.690694 	 -0.219387
0.062280 	 541.690694 	 -0.221409
0.062325 	 541.690694 	 -0.222918
0.062370 	 541.690694 	 -0.224143
0.062415 	 541.690694 	 -0.225381
0.062460 	 541.690694 	 -0.226974
0.062505 	 541.690694 	 -0.229272
0.062550 	 541.690694 	 -0.232599
0.062595 	 541.690694 	 -0.237218
0.062640 	 541.690694 	 -0.243305
0.062685 	 541.690694 	 -0.250919
0.062730 	 541.690694 	 -0.259995
0.062775 	 541.690694 	 -0.270336
0.062820 	 541.690694 	 -0.281622
0.062865 	 541.690694 	 -0.293427
0.062910 	 541.690694 	 -0.305247
0.062955 	 541.690694 	 -0.316536
0.063000 	 541.690694 	 -0.326741
0.063045 	 541.690694 	 -0.335350
0.063090 	 541.690694 	 -0.341924
0.063135 	 541.690694 	 -0.346137
0.063180 	 541.690694 	 -0.347799
0.063225 	 541.690694 	 -0.346875
0.063270 	 541.690694 	 -0.343486
0.063315 	 541.690694 	 -0.337907
0.063360 	 541.690694 	 -0.330545
0.063405 	 541.690694 	 -0.321912
0.063450 	 541.690694 	 -0.312586
0.063495 	 541.690694 	 -0.303172
0.063540 	 541.690694 	 -0.294256
0.063585 	 541.690694 	 -0.286361
0.063630 	 541.690694 	 -0.279916
0.063675 	 541.690694 	 -0.275217
0.063720 	 541.690694 	 -0.272416
0.063765 	 541.690694 	 -0.271507
0.063810 	 541.690694 	 -0.272330
0.063855 	 541.690694 	 -0.274592
0.063900 	 541.690694 	 -0.277885
0.063945 	 541.690694 	 -0.281726
0.063990 	 541.690694 	 -0.285595
0.064035 	 541.690694 	 -0.288974
0.064080 	 541.690694 	 -0.291389
0.064125 	 541.690694 	 -0.292450
0.064170 	 541.690694 	 -0.291872
0.064215 	 541.690694 	 -0.289502
0.064260 	 541.690694 	 -0.285328
0.064305 	 541.690694 	 -0.279474
0.064350 	 541.690694 	 -0.272189
0.064395 	 541.690694 	 -0.263829
0.064440 	 541.690694 	 -0.254824
0.064485 	 541.690694 	 -0.245647
0.064530 	 541.690694 	 -0.236778
0.064575 	 541.690694 	 -0.228665
0.064620 	 541.690694 	 -0.221700
0.064665 	 541.690694 	 -0.216187
0.064710 	 541.690694 	 -0.212327
0.064755 	 541.690694 	 -0.210210
0.064800 	 541.690694 	 -0.209814
0.064845 	 541.690694 	 -0.211014
0.064890 	 541.690694 	 -0.213601
0.064935 	 541.690694 	 -0.217304
0.064980 	 541.690694 	 -0.221812
0.065025 	 541.690694 	 -0.226810
0.065070 	 541.690694 	 -0.231995
0.065115 	 541.690694 	 -0.237107
0.065160 	 541.690694 	 -0.241945
0.065205 	 541.690694 	 -0.246374
0.065250 	 541.690694 	 -0.250335
0.065295 	 541.690694 	 -0.253835
0.065340 	 541.690694 	 -0.256946
0.065385 	 541.690694 	 -0.259783
0.065430 	 541.690694 	 -0.262490
0.065475 	 541.690694 	 -0.265217
0.065520 	 541.690694 	 -0.268104
0.065565 	 541.690694 	 -0.271260
0.065610 	 541.690694 	 -0.274753
0.065655 	 541.690694 	 -0.278598
0.065700 	 541.690694 	 -0.282757
0.065745 	 541.690694 	 -0.287142
0.065790 	 541.690694 	 -0.291621
0.065835 	 541.690694 	 -0.296037
0.065880 	 541.690694 	 -0.300217
0.065925 	 541.690694 	 -0.303996
0.065970 	 541.690694 	 -0.307229
0.066015 	 541.690694 	 -0.309811
0.066060 	 541.690694 	 -0.311687
0.066105 	 541.690694 	 -0.312857
0.066150 	 541.690694 	 -0.313383
0.066195 	 541.690694 	 -0.313380
0.066240 	 541.690694 	 -0.313010
0.066285 	 541.690694 	 -0.312468
0.066330 	 541.690694 	 -0.311964
0.066375 	 541.690694 	 -0.311707
0.066420 	 541.690694 	 -0.311884
0.066465 	 541.690694 	 -0.312646
0.066510 	 541.690694 	 -0.314093
0.066555 	 541.690694 	 -0.316263
0.066600 	 541.690694 	 -0.319131
0.066645 	 541.690694 	 -0.322608
0.066690 	 541.690694 	 -0.326549
0.066735 	 541.690694 	 -0.330766
0.066780 	 541.690694 	 -0.335040
0.066825 	 541.690694 	 -0.339141
0.066870 	 541.690694 	 -0.342847
0.066915 	 541.690694 	 -0.345961
0.066960 	 541.690694 	 -0.348329
0.067005 	 541.690694 	 -0.349846
0.067050 	 541.690694 	 -0.350472
0.067095 	 541.690694 	 -0.350230
0.067140 	 541.690694 	 -0.349201
0.067185 	 541.690694 	 -0.347524
0.067230 	 541.690694 	 -0.345375
0.067275 	 541.690694 	 -0.342959
0.067320 	 541.690694 	 -0.340490
0.067365 	 541.690694 	 -0.338174
0.067410 	 541.690694 	 -0.336195
0.067455 	 541.690694 	 -0.334697
0.067500 	 541.690694 	 -0.333777
0.067545 	 541.690694 	 -0.333479
0.067590 	 541.690694 	 -0.333789
0.067635 	 541.690694 	 -0.334639
0.067680 	 541.690694 	 -0.335915
0.067725 	 541.690694 	 -0.337466
0.067770 	 541.690694 	 -0.339117
0.067815 	 541.690694 	 -0.340682
0.067860 	 541.690694 	 -0.341979
0.067905 	 541.690694 	 -0.342842
0.067950 	 541.690694 	 -0.343134
0.067995 	 541.690694 	 -0.342755
0.068040 	 541.690694 	 -0.341646
0.068085 	 541.690694 	 -0.339791
0.068130 	 541.690694 	 -0.337219
0.068175 	 541.690694 	 -0.333995
0.068220 	 541.690694 	 -0.330220
0.068265 	 541.690694 	 -0.326015
0.068310 	 541.690694 	 -0.321520
0.068355 	 541.690694 	 -0.316883
0.068400 	 541.690694 	 -0.312248
0.068445 	 541.690694 	 -0.307755
0.068490 	 541.690694 	 -0.303531
0.068535 	 541.690694 	 -0.299688
0.068580 	 541.690694 	 -0.296319
0.068625 	 541.690694 	 -0.293503
0.068670 	 541.690694 	 -0.291300
0.068715 	 541.690694 	 -0.289756
0.068760 	 541.690694 	 -0.288903
0.068805 	 541.690694 	 -0.288762
0.068850 	 541.690694 	 -0.289341
0.068895 	 541.690694 	 -0.290638
0.068940 	 541.690694 	 -0.292636
0.068985 	 541.690694 	 -0.295306
0.069030 	 541.690694 	 -0.298599
0.069075 	 541.690694 	 -0.302451
0.069120 	 541.690694 	 -0.306774
0.069165 	 541.690694 	 -0.311462
0.069210 	 541.690694 	 -0.316386
0.069255 	 541.690694 	 -0.321399
0.069300 	 541.690694 	 -0.326341
0.069345 	 541.690694 	 -0.331044
0.069390 	 541.690694 	 -0.335336
0.069435 	 541.690694 	 -0.339056
0.069480 	 541.690694 	 -0.342059
0.069525 	 541.690694 	 -0.344228
0.069570 	 541.690694 	 -0.345480
0.069615 	 541.690694 	 -0.345774
0.069660 	 541.690694 	 -0.345115
0.069705 	 541.690694 	 -0.343559
0.069750 	 541.690694 	 -0.341208
0.069795 	 541.690694 	 -0.338208
0.069840 	 541.690694 	 -0.334744
0.069885 	 541.690694 	 -0.331025
0.069930 	 541.690694 	 -0.327278
0.069975 	 541.690694 	 -0.323730
0.070020 	 541.690694 	 -0.320601
0.070065 	 541.690694 	 -0.318082
0.070110 	 541.690694 	 -0.316336
0.070155 	 541.690694 	 -0.315475
0.070200 	 541.690694 	 -0.315568
0.070245 	 541.690694 	 -0.316625
0.070290 	 541.690694 	 -0.318606
0.070335 	 541.690694 	 -0.321421
0.070380 	 541.690694 	 -0.324938
0.070425 	 541.690694 	 -0.328990
0.070470 	 541.690694 	 -0.333389
0.070515 	 541.690694 	 -0.337935
0.070560 	 541.690694 	 -0.342427
0.070605 	 541.690694 	 -0.346678
0.070650 	 541.690694 	 -0.350523
0.070695 	 541.690694 	 -0.353823
0.070740 	 541.690694 	 -0.356479
0.070785 	 541.690694 	 -0.358425
0.070830 	 541.690694 	 -0.359637
0.070875 	 541.690694 	 -0.360125
0.070920 	 541.690694 	 -0.359932
0.070965 	 541.690694 	 -0.359128
0.071010 	 541.690694 	 -0.357802
0.071055 	 541.690694 	 -0.356056
0.071100 	 541.690694 	 -0.353997
0.071145 	 541.690694 	 -0.351732
0.071190 	 541.690694 	 -0.349360
0.071235 	 541.690694 	 -0.346969
0.071280 	 541.690694 	 -0.344634
0.071325 	 541.690694 	 -0.342410
0.071370 	 541.690694 	 -0.340340
0.071415 	 541.690694 	 -0.338450
0.071460 	 541.690694 	 -0.336755
0.071505 	 541.690694 	 -0.335257
0.071550 	 541.690694 	 -0.333955
0.071595 	 541.690694 	 -0.332847
0.071640 	 541.690694 	 -0.331929
0.071685 	 541.690694 	 -0.331207
0.071730 	 541.690694 	 -0.330693
0.071775 	 541.690694 	 -0.330413
0.071820 	 541.690694 	 -0.330402
0.071865 	 541.690694 	 -0.330712
0.071910 	 541.690694 	 -0.331405
0.071955 	 541.690694 	 -0.332555
0.072000 	 541.690694 	 -0.334239
0.072045 	 541.690694 	 -0.336540
0.072090 	 541.690694 	 -0.339535
0.072135 	 541.690694 	 -0.343291
0.072180 	 541.690694 	 -0.347858
0.072225 	 541.690694 	 -0.353260
0.072270 	 541.690694 	 -0.359488
0.072315 	 541.690694 	 -0.366496
0.072360 	 541.690694 	 -0.374192
0.072405 	 541.690694 	 -0.382440
0.072450 	 541.690694 	 -0.391055
0.072495 	 541.690694 	 -0.399809
0.072540 	 541.690694 	 -0.408437
0.072585 	 541.690694 	 -0.416641
0.072630 	 541.690694 	 -0.424111
0.072675 	 541.690694 	 -0.430533
0.072720 	 541.690694 	 -0.435609
0.072765 	 541.690694 	 -0.439076
0.072810 	 541.690694 	 -0.440721
0.072855 	 541.690694 	 -0.440403
0.072900 	 541.690694 	 -0.438063
0.072945 	 541.690694 	 -0.433735
0.072990 	 541.690694 	 -0.427553
0.073035 	 541.690694 	 -0.419749
0.073080 	 541.690694 	 -0.410645
0.073125 	 541.690694 	 -0.400643
0.073170 	 541.690694 	 -0.390201
0.073215 	 541.690694 	 -0.379812
0.073260 	 541.690694 	 -0.369971
0.073305 	 541.690694 	 -0.361149
0.073350 	 541.690694 	 -0.353761
0.073395 	 541.690694 	 -0.348135
0.073440 	 541.690694 	 -0.344492
0.073485 	 541.690694 	 -0.342923
0.073530 	 541.690694 	 -0.343384
0.073575 	 541.690694 	 -0.345693
0.073620 	 541.690694 	 -0.349536
0.073665 	 541.690694 	 -0.354491
0.073710 	 541.690694 	 -0.360048
0.073755 	 541.690694 	 -0.365645
0.073800 	 541.690694 	 -0.370709
0.073845 	 541.690694 	 -0.374689
0.073890 	 541.690694 	 -0.377103
0.073935 	 541.690694 	 -0.377570
0.073980 	 541.690694 	 -0.375839
0.074025 	 541.690694 	 -0.371812
0.074070 	 541.690694 	 -0.365555
0.074115 	 541.690694 	 -0.357297
0.074160 	 541.690694 	 -0.347419
0.074205 	 541.690694 	 -0.336429
0.074250 	 541.690694 	 -0.324933
0.074295 	 541.690694 	 -0.313595
0.074340 	 541.690694 	 -0.303091
0.074385 	 541.690694 	 -0.294072
0.074430 	 541.690694 	 -0.287111
0.074475 	 541.690694 	 -0.282674
0.074520 	 541.690694 	 -0.281086
0.074565 	 541.690694 	 -0.282512
0.074610 	 541.690694 	 -0.286949
0.074655 	 541.690694 	 -0.294229
0.074700 	 541.690694 	 -0.304029
0.074745 	 541.690694 	 -0.315902
0.074790 	 541.690694 	 -0.329302
0.074835 	 541.690694 	 -0.343626
0.074880 	 541.690694 	 -0.358250
0.074925 	 541.690694 	 -0.372569
0.074970 	 541.690694 	 -0.386031
0.075015 	 541.690694 	 -0.398166
0.075060 	 541.690694 	 -0.408607
0.075105 	 541.690694 	 -0.417104
0.075150 	 541.690694 	 -0.423520
0.075195 	 541.690694 	 -0.427834
0.075240 	 541.690694 	 -0.430117
0.075285 	 541.690694 	 -0.430522
0.075330 	 541.690694 	 -0.429255
0.075375 	 541.690694 	 -0.426552
0.075420 	 541.690694 	 -0.422659
0.075465 	 541.690694 	 -0.417814
0.075510 	 541.690694 	 -0.412229
0.075555 	 541.690694 	 -0.406089
0.075600 	 541.690694 	 -0.399548
0.075645 	 541.690694 	 -0.392735
0.075690 	 541.690694 	 -0.385767
0.075735 	 541.690694 	 -0.378758
0.075780 	 541.690694 	 -0.371836
0.075825 	 541.690694 	 -0.365156
0.075870 	 541.690694 	 -0.358909
0.075915 	 541.690694 	 -0.353324
0.075960 	 541.690694 	 -0.348668
0.076005 	 541.690694 	 -0.345233
0.076050 	 541.690694 	 -0.343321
0.076095 	 541.690694 	 -0.343221
0.076140 	 541.690694 	 -0.345182
0.076185 	 541.690694 	 -0.349383
0.076230 	 541.690694 	 -0.355908
0.076275 	 541.690694 	 -0.364723
0.076320 	 541.690694 	 -0.375658
0.076365 	 541.690694 	 -0.388406
0.076410 	 541.690694 	 -0.402519
0.076455 	 541.690694 	 -0.417432
0.076500 	 541.690694 	 -0.432487
0.076545 	 541.690694 	 -0.446971
0.076590 	 541.690694 	 -0.460160
0.076635 	 541.690694 	 -0.471366
0.076680 	 541.690694 	 -0.479991
0.076725 	 541.690694 	 -0.485569
0.076770 	 541.690694 	 -0.487805
0.076815 	 541.690694 	 -0.486602
0.076860 	 541.690694 	 -0.482075
0.076905 	 541.690694 	 -0.474545
0.076950 	 541.690694 	 -0.464526
0.076995 	 541.690694 	 -0.452687
0.077040 	 541.690694 	 -0.439810
0.077085 	 541.690694 	 -0.426730
0.077130 	 541.690694 	 -0.414275
0.077175 	 541.690694 	 -0.403207
0.077220 	 541.690694 	 -0.394159
0.077265 	 541.690694 	 -0.387592
0.077310 	 541.690694 	 -0.383761
0.077355 	 541.690694 	 -0.382689
0.077400 	 541.690694 	 -0.384180
0.077445 	 541.690694 	 -0.387825
0.077490 	 541.690694 	 -0.393047
0.077535 	 541.690694 	 -0.399148
0.077580 	 541.690694 	 -0.405373
0.077625 	 541.690694 	 -0.410973
0.077670 	 541.690694 	 -0.415274
0.077715 	 541.690694 	 -0.417739
0.077760 	 541.690694 	 -0.418014
0.077805 	 541.690694 	 -0.415966
0.077850 	 541.690694 	 -0.411700
0.077895 	 541.690694 	 -0.405549
0.077940 	 541.690694 	 -0.398058
0.077985 	 541.690694 	 -0.389934
0.078030 	 541.690694 	 -0.381991
0.078075 	 541.690694 	 -0.375085
0.078120 	 541.690694 	 -0.370035
0.078165 	 541.690694 	 -0.367557
0.078210 	 541.690694 	 -0.368196
0.078255 	 541.690694 	 -0.372275
0.078300 	 541.690694 	 -0.379864
0.078345 	 541.690694 	 -0.390762
0.078390 	 541.690694 	 -0.404510
0.078435 	 541.690694 	 -0.420418
0.078480 	 541.690694 	 -0.437616
0.078525 	 541.690694 	 -0.455116
0.078570 	 541.690694 	 -0.471893
0.078615 	 541.690694 	 -0.486954
0.078660 	 541.690694 	 -0.499425
0.078705 	 541.690694 	 -0.508609
0.078750 	 541.690694 	 -0.514049
0.078795 	 541.690694 	 -0.515555
0.078840 	 541.690694 	 -0.513221
0.078885 	 541.690694 	 -0.507416
0.078930 	 541.690694 	 -0.498751
0.078975 	 541.690694 	 -0.488031
0.079020 	 541.690694 	 -0.476188
0.079065 	 541.690694 	 -0.464207
0.079110 	 541.690694 	 -0.453047
0.079155 	 541.690694 	 -0.443566
0.079200 	 541.690694 	 -0.436456
0.079245 	 541.690694 	 -0.432189
0.079290 	 541.690694 	 -0.430985
0.079335 	 541.690694 	 -0.432804
0.079380 	 541.690694 	 -0.437352
0.079425 	 541.690694 	 -0.444115
0.079470 	 541.690694 	 -0.452406
0.079515 	 541.690694 	 -0.461432
0.079560 	 541.690694 	 -0.470358
0.079605 	 541.690694 	 -0.478385
0.079650 	 541.690694 	 -0.484814
0.079695 	 541.690694 	 -0.489107
0.079740 	 541.690694 	 -0.490925
0.079785 	 541.690694 	 -0.490157
0.079830 	 541.690694 	 -0.486921
0.079875 	 541.690694 	 -0.481550
0.079920 	 541.690694 	 -0.474557
0.079965 	 541.690694 	 -0.466585
0.080010 	 541.690694 	 -0.458348
0.080055 	 541.690694 	 -0.450564
0.080100 	 541.690694 	 -0.443893
0.080145 	 541.690694 	 -0.438877
0.080190 	 541.690694 	 -0.435897
0.080235 	 541.690694 	 -0.435136
0.080280 	 541.690694 	 -0.436572
0.080325 	 541.690694 	 -0.439979
0.080370 	 541.690694 	 -0.444956
0.080415 	 541.690694 	 -0.450964
0.080460 	 541.690694 	 -0.457377
0.080505 	 541.690694 	 -0.463544
0.080550 	 541.690694 	 -0.468848
0.080595 	 541.690694 	 -0.472763
0.080640 	 541.690694 	 -0.474903
0.080685 	 541.690694 	 -0.475055
0.080730 	 541.690694 	 -0.473202
0.080775 	 541.690694 	 -0.469518
0.080820 	 541.690694 	 -0.464357
0.080865 	 541.690694 	 -0.458218
0.080910 	 541.690694 	 -0.451696
0.080955 	 541.690694 	 -0.445433
0.081000 	 541.690694 	 -0.440055
0.081045 	 541.690694 	 -0.436116
0.081090 	 541.690694 	 -0.434047
0.081135 	 541.690694 	 -0.434116
0.081180 	 541.690694 	 -0.436406
0.081225 	 541.690694 	 -0.440802
0.081270 	 541.690694 	 -0.447004
0.081315 	 541.690694 	 -0.454552
0.081360 	 541.690694 	 -0.462866
0.081405 	 541.690694 	 -0.471298
0.081450 	 541.690694 	 -0.479188
0.081495 	 541.690694 	 -0.485920
0.081540 	 541.690694 	 -0.490980
0.081585 	 541.690694 	 -0.493999
0.081630 	 541.690694 	 -0.494783
0.081675 	 541.690694 	 -0.493335
0.081720 	 541.690694 	 -0.489847
0.081765 	 541.690694 	 -0.484690
0.081810 	 541.690694 	 -0.478380
0.081855 	 541.690694 	 -0.471529
0.081900 	 541.690694 	 -0.464800
0.081945 	 541.690694 	 -0.458841
0.081990 	 541.690694 	 -0.454239
0.082035 	 541.690694 	 -0.451464
0.082080 	 541.690694 	 -0.450832
0.082125 	 541.690694 	 -0.452479
0.082170 	 541.690694 	 -0.456355
0.082215 	 541.690694 	 -0.462222
0.082260 	 541.690694 	 -0.469686
0.082305 	 541.690694 	 -0.478225
0.082350 	 541.690694 	 -0.487236
0.082395 	 541.690694 	 -0.496092
0.082440 	 541.690694 	 -0.504187
0.082485 	 541.690694 	 -0.510993
0.082530 	 541.690694 	 -0.516100
0.082575 	 541.690694 	 -0.519246
0.082620 	 541.690694 	 -0.520343
0.082665 	 541.690694 	 -0.519473
0.082710 	 541.690694 	 -0.516880
0.082755 	 541.690694 	 -0.512946
0.082800 	 541.690694 	 -0.508156
0.082845 	 541.690694 	 -0.503053
0.082890 	 541.690694 	 -0.498190
0.082935 	 541.690694 	 -0.494084
0.082980 	 541.690694 	 -0.491172
0.083025 	 541.690694 	 -0.489776
0.083070 	 541.690694 	 -0.490081
0.083115 	 541.690694 	 -0.492118
0.083160 	 541.690694 	 -0.495770
0.083205 	 541.690694 	 -0.500783
0.083250 	 541.690694 	 -0.506795
0.083295 	 541.690694 	 -0.513366
0.083340 	 541.690694 	 -0.520020
0.083385 	 541.690694 	 -0.526283
0.083430 	 541.690694 	 -0.531730
0.083475 	 541.690694 	 -0.536009
0.083520 	 541.690694 	 -0.538877
0.083565 	 541.690694 	 -0.540211
0.083610 	 541.690694 	 -0.540016
0.083655 	 541.690694 	 -0.538419
0.083700 	 541.690694 	 -0.535654
0.083745 	 541.690694 	 -0.532036
0.083790 	 541.690694 	 -0.527936
0.083835 	 541.690694 	 -0.523743
0.083880 	 541.690694 	 -0.519831
0.083925 	 541.690694 	 -0.516534
0.083970 	 541.690694 	 -0.514114
0.084015 	 541.690694 	 -0.512748
0.084060 	 541.690694 	 -0.512518
0.084105 	 541.690694 	 -0.513406
0.084150 	 541.690694 	 -0.515306
0.084195 	 541.690694 	 -0.518040
0.084240 	 541.690694 	 -0.521373
0.084285 	 541.690694 	 -0.525041
0.084330 	 541.690694 	 -0.528772
0.084375 	 541.690694 	 -0.532314
0.084420 	 541.690694 	 -0.535449
0.084465 	 541.690694 	 -0.538012
0.084510 	 541.690694 	 -0.539901
0.084555 	 541.690694 	 -0.541073
0.084600 	 541.690694 	 -0.541549
0.084645 	 541.690694 	 -0.541400
0.084690 	 541.690694 	 -0.540736
0.084735 	 541.690694 	 -0.539693
0.084780 	 541.690694 	 -0.538415
0.084825 	 541.690694 	 -0.537041
0.084870 	 541.690694 	 -0.535695
0.084915 	 541.690694 	 -0.534472
0.084960 	 541.690694 	 -0.533442
0.085005 	 541.690694 	 -0.532640
0.085050 	 541.690694 	 -0.532078
0.085095 	 541.690694 	 -0.531746
0.085140 	 541.690694 	 -0.531624
0.085185 	 541.690694 	 -0.531688
0.085230 	 541.690694 	 -0.531917
0.085275 	 541.690694 	 -0.532302
0.085320 	 541.690694 	 -0.532849
0.085365 	 541.690694 	 -0.533576
0.085410 	 541.690694 	 -0.534514
0.085455 	 541.690694 	 -0.535698
0.085500 	 541.690694 	 -0.537158
0.085545 	 541.557049 	 -0.538916
0.085590 	 541.156243 	 -0.540968
0.085635 	 540.488673 	 -0.543287
0.085680 	 539.554998 	 -0.545811
0.085725 	 538.356139 	 -0.548445
0.085770 	 536.893279 	 -0.551066
0.085815 	 535.167861 	 -0.553528
0.085860 	 533.181590 	 -0.555676
0.085905 	 530.936424 	 -0.557356
0.085950 	 528.434580 	 -0.558434
0.085995 	 525.678526 	 -0.558811
0.086040 	 522.670982 	 -0.558434
0.086085 	 519.414917 	 -0.557308
0.086130 	 515.913544 	 -0.555503
0.086175 	 512.170319 	 -0.553148
0.086220 	 508.188934 	 -0.550432
0.086265 	 503.973320 	 -0.547588
0.086310 	 499.527637 	 -0.544874
0.086355 	 494.856273 	 -0.542559
0.086400 	 489.963836 	 -0.540891
0.086445 	 484.855156 	 -0.540081
0.086490 	 479.535274 	 -0.540281
0.086535 	 474.009440 	 -0.541567
0.086580 	 468.283108 	 -0.543927
0.086625 	 462.361929 	 -0.547261
0.086670 	 456.251746 	 -0.551386
0.086715 	 449.958589 	 -0.556044
0.086760 	 443.488669 	 -0.560928
0.086805 	 436.848371 	 -0.565701
0.086850 	 430.044248 	 -0.570028
0.086895 	 423.083015 	 -0.573601
0.086940 	 415.971542 	 -0.576171
0.086985 	 408.716846 	 -0.577568
0.087030 	 401.326088 	 -0.577717
0.087075 	 393.806562 	 -0.576649
0.087120 	 386.165687 	 -0.574499
0.087165 	 378.411006 	 -0.571496
0.087210 	 370.550170 	 -0.567945
0.087255 	 362.590937 	 -0.564203
0.087300 	 354.541162 	 -0.560646
0.087345 	 346.408790 	 -0.557640
0.087390 	 338.201846 	 -0.555503
0.087435 	 329.928429 	 -0.554484
0.087480 	 321.596704 	 -0.554735
0.087525 	 313.214894 	 -0.556298
0.087570 	 304.791270 	 -0.559099
0.087615 	 296.334146 	 -0.562958
0.087660 	 287.851867 	 -0.567599
0.087705 	 279.352805 	 -0.572674
0.087750 	 270.845347 	 -0.577797
0.087795 	 262.337889 	 -0.582574
0.087840 	 253.838827 	 -0.586642
0.087885 	 245.356548 	 -0.589696
0.087930 	 236.899424 	 -0.591521
0.087975 	 228.475800 	 -0.592010
0.088020 	 220.093990 	 -0.591173
0.088065 	 211.762265 	 -0.589138
0.088110 	 203.488848 	 -0.586140
0.088155 	 195.281904 	 -0.582497
0.088200 	 187.149532 	 -0.578586
0.088245 	 179.099758 	 -0.574808
0.088290 	 171.140525 	 -0.571550
0.088335 	 163.279689 	 -0.569152
0.088380 	 155.525007 	 -0.567878
0.088425 	 147.884133 	 -0.567889
0.088470 	 140.364606 	 -0.569229
0.088515 	 132.973848 	 -0.571825
0.088560 	 125.719153 	 -0.575487
0.088605 	 118.607680 	 -0.579934
0.088650 	 111.646446 	 -0.584812
0.088695 	 104.842323 	 -0.589729
0.088740 	 98.202025 	 -0.594293
0.088785 	 91.732105 	 -0.598146
0.088830 	 85.438949 	 -0.600994
0.088875 	 79.328766 	 -0.602639
0.088920 	 73.407586 	 -0.602993
0.088965 	 67.681254 	 -0.602086
0.089010 	 62.155420 	 -0.600066
0.089055 	 56.835539 	 -0.597180
0.089100 	 51.726858 	 -0.593755
0.089145 	 46.834422 	 -0.590167
0.089190 	 42.163057 	 -0.586806
0.089235 	 37.717374 	 -0.584037
0.089280 	 33.501760 	 -0.582171
0.089325 	 29.520376 	 -0.581434
0.089370 	 25.777150 	 -0.581944
0.089415 	 22.275777 	 -0.583705
0.089460 	 19.019712 	 -0.586602
0.089505 	 16.012169 	 -0.590418
0.089550 	 13.256115 	 -0.594846
0.089595 	 10.754270 	 -0.599525
0.089640 	 8.509105 	 -0.604072
0.089685 	 6.522833 	 -0.608115
0.089730 	 4.797416 	 -0.611333
0.089775 	 3.334556 	 -0.613478
0.089820 	 2.135696 	 -0.614409
0.089865 	 1.202021 	 -0.614094
0.089910 	 0.534451 	 -0.612623
0.089955 	 0.133646 	 -0.610191
0.090000 	 0.000000 	 0.000000
