0.000045 	 0.000000 	 0.000000
0.000090 	 0.157421 	 0.605640
0.000135 	 0.629528 	 0.607400
0.000180 	 1.415857 	 0.608021
0.000225 	 2.515629 	 0.606727
0.000270 	 3.927761 	 0.603507
0.000315 	 5.650859 	 0.599222
0.000360 	 7.683222 	 0.595341
0.000405 	 10.022844 	 0.593351
0.000450 	 12.667417 	 0.594087
0.000495 	 15.614331 	 0.597276
0.000540 	 18.860677 	 0.601512
0.000585 	 22.403252 	 0.604724
0.000630 	 26.238559 	 0.605008
0.000675 	 30.362814 	 0.601479
0.000720 	 34.771946 	 0.594804
0.000765 	 39.461605 	 0.587140
0.000810 	 44.427162 	 0.581436
0.000855 	 49.663716 	 0.580303
0.000900 	 55.166100 	 0.584888
0.000945 	 60.928884 	 0.594181
0.000990 	 66.946380 	 0.605112
0.001035 	 73.212650 	 0.613472
0.001080 	 79.721510 	 0.615388
0.001125 	 86.466537 	 0.608852
0.001170 	 93.441073 	 0.594703
0.001215 	 100.638236 	 0.576643
0.001260 	 108.050923 	 0.560193
0.001305 	 115.671819 	 0.550874
0.001350 	 123.493402 	 0.552241
0.001395 	 131.507955 	 0.564465
0.001440 	 139.707567 	 0.584023
0.001485 	 148.084146 	 0.604689
0.001530 	 156.629426 	 0.619544
0.001575 	 165.334974 	 0.623345
0.001620 	 174.192198 	 0.614410
0.001665 	 183.192357 	 0.595342
0.001710 	 192.326569 	 0.572253
0.001755 	 201.585820 	 0.552726
0.001800 	 210.960972 	 0.543190
0.001845 	 220.442773 	 0.546625
0.001890 	 230.021865 	 0.561431
0.001935 	 239.688796 	 0.581895
0.001980 	 249.434024 	 0.600141
0.002025 	 259.247933 	 0.608906
0.002070 	 269.120838 	 0.604173
0.002115 	 279.042995 	 0.586723
0.002160 	 289.004612 	 0.562005
0.002205 	 298.995858 	 0.538353
0.002250 	 309.006873 	 0.524138
0.002295 	 319.027778 	 0.524842
0.002340 	 329.048682 	 0.541091
0.002385 	 339.059698 	 0.568336
0.002430 	 349.050944 	 0.598308
0.002475 	 359.012561 	 0.621759
0.002520 	 368.934718 	 0.631524
0.002565 	 378.807622 	 0.624847
0.002610 	 388.621531 	 0.604172
0.002655 	 398.366760 	 0.576146
0.002700 	 408.033690 	 0.549237
0.002745 	 417.612783 	 0.530845
0.002790 	 427.094584 	 0.524944
0.002835 	 436.469736 	 0.531063
0.002880 	 445.728987 	 0.544918
0.002925 	 454.863199 	 0.560368
0.002970 	 463.863358 	 0.571897
0.003015 	 472.720582 	 0.576644
0.003060 	 481.426129 	 0.575217
0.003105 	 489.971409 	 0.570996
0.003150 	 498.347989 	 0.568286
0.003195 	 506.547601 	 0.570095
0.003240 	 514.562153 	 0.576522
0.003285 	 522.383737 	 0.584461
0.003330 	 530.004633 	 0.588825
0.003375 	 537.417320 	 0.584839
0.003420 	 544.614483 	 0.570499
0.003465 	 551.589019 	 0.548109
0.003510 	 558.334045 	 0.524169
0.003555 	 564.842905 	 0.507423
0.003600 	 571.109175 	 0.505680
0.003645 	 577.126672 	 0.522516
0.003690 	 582.889455 	 0.555149
0.003735 	 588.391840 	 0.594449
0.003780 	 593.628394 	 0.627316
0.003825 	 598.593951 	 0.640827
0.003870 	 603.283609 	 0.626821
0.003915 	 607.692742 	 0.585304
0.003960 	 611.816997 	 0.525375
0.004005 	 615.652304 	 0.463129
0.004050 	 619.194879 	 0.417045
0.004095 	 622.441225 	 0.402252
0.004140 	 625.388138 	 0.425532
0.004185 	 628.032711 	 0.482739
0.004230 	 630.372334 	 0.559573
0.004275 	 632.404697 	 0.635586
0.004320 	 634.127794 	 0.690224
0.004365 	 635.539926 	 0.708997
0.004410 	 636.639699 	 0.687790
0.004455 	 637.426027 	 0.633911
0.004500 	 637.898135 	 0.563568
0.004545 	 638.055556 	 0.496628
0.004590 	 638.055556 	 0.450443
0.004635 	 638.055556 	 0.434765
0.004680 	 638.055556 	 0.449352
0.004725 	 638.055556 	 0.484950
0.004770 	 638.055556 	 0.527151
0.004815 	 638.055556 	 0.561697
0.004860 	 638.055556 	 0.579341
0.004905 	 638.055556 	 0.578591
0.004950 	 638.055556 	 0.565454
0.004995 	 638.055556 	 0.550406
0.005040 	 638.055556 	 0.543828
0.005085 	 638.055556 	 0.551642
0.005130 	 638.055556 	 0.572805
0.005175 	 638.055556 	 0.599582
0.005220 	 638.055556 	 0.620492
0.005265 	 638.055556 	 0.624821
0.005310 	 638.055556 	 0.607008
0.005355 	 638.055556 	 0.569220
0.005400 	 638.055556 	 0.521094
0.005445 	 638.055556 	 0.476645
0.005490 	 638.055556 	 0.449425
0.005535 	 638.055556 	 0.447638
0.005580 	 638.055556 	 0.471007
0.005625 	 638.055556 	 0.510577
0.005670 	 638.055556 	 0.551611
0.005715 	 638.055556 	 0.578655
0.005760 	 638.055556 	 0.581031
0.005805 	 638.055556 	 0.556815
0.005850 	 638.055556 	 0.513837
0.005895 	 638.055556 	 0.467267
0.005940 	 638.055556 	 0.434538
0.005985 	 638.055556 	 0.429302
0.006030 	 638.055556 	 0.456488
0.006075 	 638.055556 	 0.510164
0.006120 	 638.055556 	 0.575008
0.006165 	 638.055556 	 0.630970
0.006210 	 638.055556 	 0.659665
0.006255 	 638.055556 	 0.650389
0.006300 	 638.055556 	 0.603787
0.006345 	 638.055556 	 0.531910
0.006390 	 638.055556 	 0.454655
0.006435 	 638.055556 	 0.393713
0.006480 	 638.055556 	 0.366001
0.006525 	 638.055556 	 0.378630
0.006570 	 638.055556 	 0.426965
0.006615 	 638.055556 	 0.496290
0.006660 	 638.055556 	 0.566472
0.006705 	 638.055556 	 0.618080
0.006750 	 638.055556 	 0.638037
0.006795 	 638.055556 	 0.623056
0.006840 	 638.055556 	 0.579936
0.006885 	 638.055556 	 0.522803
0.006930 	 638.055556 	 0.468368
0.006975 	 638.055556 	 0.430836
0.007020 	 638.055556 	 0.418060
0.007065 	 638.055556 	 0.430031
0.007110 	 638.055556 	 0.459953
0.007155 	 638.055556 	 0.497280
0.007200 	 638.055556 	 0.531554
0.007245 	 638.055556 	 0.555679
0.007290 	 638.055556 	 0.567604
0.007335 	 638.055556 	 0.570007
0.007380 	 638.055556 	 0.568301
0.007425 	 638.055556 	 0.567841
0.007470 	 638.055556 	 0.571427
0.007515 	 638.055556 	 0.578033
0.007560 	 638.055556 	 0.583165
0.007605 	 638.055556 	 0.580688
0.007650 	 638.055556 	 0.565413
0.007695 	 638.055556 	 0.535483
0.007740 	 638.055556 	 0.493703
0.007785 	 638.055556 	 0.447304
0.007830 	 638.055556 	 0.406187
0.007875 	 638.055556 	 0.380179
0.007920 	 638.055556 	 0.376147
0.007965 	 638.055556 	 0.395853
0.008010 	 638.055556 	 0.435185
0.008055 	 638.055556 	 0.484981
0.008100 	 638.055556 	 0.533233
0.008145 	 638.055556 	 0.568059
0.008190 	 638.055556 	 0.580647
0.008235 	 638.055556 	 0.567445
0.008280 	 638.055556 	 0.531042
0.008325 	 638.055556 	 0.479582
0.008370 	 638.055556 	 0.424880
0.008415 	 638.055556 	 0.379724
0.008460 	 638.055556 	 0.354988
0.008505 	 638.055556 	 0.357194
0.008550 	 638.055556 	 0.387048
0.008595 	 638.055556 	 0.439240
0.008640 	 638.055556 	 0.503552
0.008685 	 638.055556 	 0.567036
0.008730 	 638.055556 	 0.616825
0.008775 	 638.055556 	 0.642944
0.008820 	 638.055556 	 0.640512
0.008865 	 638.055556 	 0.610797
0.008910 	 638.055556 	 0.560852
0.008955 	 638.055556 	 0.501787
0.009000 	 638.055556 	 0.446083
0.009045 	 638.055556 	 0.404607
0.009090 	 638.055556 	 0.384097
0.009135 	 638.055556 	 0.385771
0.009180 	 638.055556 	 0.405434
0.009225 	 638.055556 	 0.435028
0.009270 	 638.055556 	 0.465178
0.009315 	 638.055556 	 0.487970
0.009360 	 638.055556 	 0.499122
0.009405 	 638.055556 	 0.498910
0.009450 	 638.055556 	 0.491565
0.009495 	 638.055556 	 0.483386
0.009540 	 638.055556 	 0.480231
0.009585 	 638.055556 	 0.485236
0.009630 	 638.055556 	 0.497578
0.009675 	 638.055556 	 0.512721
0.009720 	 638.055556 	 0.524084
0.009765 	 638.055556 	 0.525583
0.009810 	 638.055556 	 0.514139
0.009855 	 638.055556 	 0.491261
0.009900 	 638.055556 	 0.463040
0.009945 	 638.055556 	 0.438490
0.009990 	 638.055556 	 0.426682
0.010035 	 638.055556 	 0.433598
0.010080 	 638.055556 	 0.459762
0.010125 	 638.055556 	 0.499485
0.010170 	 638.055556 	 0.542078
0.010215 	 638.055556 	 0.574747
0.010260 	 638.055556 	 0.586334
0.010305 	 638.055556 	 0.570754
0.010350 	 638.055556 	 0.529049
0.010395 	 638.055556 	 0.469399
0.010440 	 638.055556 	 0.405043
0.010485 	 638.055556 	 0.350755
0.010530 	 638.055556 	 0.318908
0.010575 	 638.055556 	 0.316295
0.010620 	 638.055556 	 0.342590
0.010665 	 638.055556 	 0.390807
0.010710 	 638.055556 	 0.449519
0.010755 	 638.055556 	 0.506074
0.010800 	 638.055556 	 0.549822
0.010845 	 638.055556 	 0.574431
0.010890 	 638.055556 	 0.578719
0.010935 	 638.055556 	 0.565978
0.010980 	 638.055556 	 0.542187
0.011025 	 638.055556 	 0.513849
0.011070 	 638.055556 	 0.486175
0.011115 	 638.055556 	 0.462136
0.011160 	 638.055556 	 0.442499
0.011205 	 638.055556 	 0.426628
0.011250 	 638.055556 	 0.413570
0.011295 	 638.055556 	 0.402918
0.011340 	 638.055556 	 0.395133
0.011385 	 638.055556 	 0.391241
0.011430 	 638.055556 	 0.392148
0.011475 	 638.055556 	 0.397914
0.011520 	 638.055556 	 0.407393
0.011565 	 638.055556 	 0.418394
0.011610 	 638.055556 	 0.428346
0.011655 	 638.055556 	 0.435184
0.011700 	 638.055556 	 0.438076
0.011745 	 638.055556 	 0.437689
0.011790 	 638.055556 	 0.435857
0.011835 	 638.055556 	 0.434786
0.011880 	 638.055556 	 0.436122
0.011925 	 638.055556 	 0.440279
0.011970 	 638.055556 	 0.446314
0.012015 	 638.055556 	 0.452443
0.012060 	 638.055556 	 0.456969
0.012105 	 638.055556 	 0.459249
0.012150 	 638.055556 	 0.460249
0.012195 	 638.055556 	 0.462375
0.012240 	 638.055556 	 0.468555
0.012285 	 638.055556 	 0.480856
0.012330 	 638.055556 	 0.499141
0.012375 	 638.055556 	 0.520328
0.012420 	 638.055556 	 0.538646
0.012465 	 638.055556 	 0.546955
0.012510 	 638.055556 	 0.538826
0.012555 	 638.055556 	 0.510742
0.012600 	 638.055556 	 0.463716
0.012645 	 638.055556 	 0.403711
0.012690 	 638.055556 	 0.340638
0.012735 	 638.055556 	 0.286139
0.012780 	 638.055556 	 0.250749
0.012825 	 638.055556 	 0.241251
0.012870 	 638.055556 	 0.259002
0.012915 	 638.055556 	 0.299683
0.012960 	 638.055556 	 0.354528
0.013005 	 638.055556 	 0.412647
0.013050 	 638.055556 	 0.463731
0.013095 	 638.055556 	 0.500372
0.013140 	 638.055556 	 0.519366
0.013185 	 638.055556 	 0.521754
0.013230 	 638.055556 	 0.511722
0.013275 	 638.055556 	 0.494842
0.013320 	 638.055556 	 0.476277
0.013365 	 638.055556 	 0.459504
0.013410 	 638.055556 	 0.445877
0.013455 	 638.055556 	 0.435005
0.013500 	 638.055556 	 0.425681
0.013545 	 638.055556 	 0.416906
0.013590 	 638.055556 	 0.408608
0.013635 	 638.055556 	 0.401810
0.013680 	 638.055556 	 0.398241
0.013725 	 638.055556 	 0.399610
0.013770 	 638.055556 	 0.406865
0.013815 	 638.055556 	 0.419744
0.013860 	 638.055556 	 0.436759
0.013905 	 638.055556 	 0.455617
0.013950 	 638.055556 	 0.473840
0.013995 	 638.055556 	 0.489342
0.014040 	 638.055556 	 0.500741
0.014085 	 638.055556 	 0.507300
0.014130 	 638.055556 	 0.508605
0.014175 	 638.055556 	 0.504173
0.014220 	 638.055556 	 0.493252
0.014265 	 638.055556 	 0.474955
0.014310 	 638.055556 	 0.448762
0.014355 	 638.055556 	 0.415198
0.014400 	 638.055556 	 0.376412
0.014445 	 638.055556 	 0.336358
0.014490 	 638.055556 	 0.300407
0.014535 	 638.055556 	 0.274368
0.014580 	 638.055556 	 0.263179
0.014625 	 638.055556 	 0.269600
0.014670 	 638.055556 	 0.293316
0.014715 	 638.055556 	 0.330753
0.014760 	 638.055556 	 0.375687
0.014805 	 638.055556 	 0.420513
0.014850 	 638.055556 	 0.457847
0.014895 	 638.055556 	 0.482038
0.014940 	 638.055556 	 0.490210
0.014985 	 638.055556 	 0.482615
0.015030 	 638.055556 	 0.462267
0.015075 	 638.055556 	 0.434033
0.015120 	 638.055556 	 0.403481
0.015165 	 638.055556 	 0.375773
0.015210 	 638.055556 	 0.354853
0.015255 	 638.055556 	 0.343012
0.015300 	 638.055556 	 0.340824
0.015345 	 638.055556 	 0.347341
0.015390 	 638.055556 	 0.360414
0.015435 	 638.055556 	 0.377084
0.015480 	 638.055556 	 0.393981
0.015525 	 638.055556 	 0.407764
0.015570 	 638.055556 	 0.415604
0.015615 	 638.055556 	 0.415681
0.015660 	 638.055556 	 0.407589
0.015705 	 638.055556 	 0.392542
0.015750 	 638.055556 	 0.373225
0.015795 	 638.055556 	 0.353268
0.015840 	 638.055556 	 0.336399
0.015885 	 638.055556 	 0.325486
0.015930 	 638.055556 	 0.321735
0.015975 	 638.055556 	 0.324322
0.016020 	 638.055556 	 0.330614
0.016065 	 638.055556 	 0.336972
0.016110 	 638.055556 	 0.339913
0.016155 	 638.055556 	 0.337294
0.016200 	 638.055556 	 0.329124
0.016245 	 638.055556 	 0.317719
0.016290 	 638.055556 	 0.307110
0.016335 	 638.055556 	 0.301865
0.016380 	 638.055556 	 0.305676
0.016425 	 638.055556 	 0.320155
0.016470 	 638.055556 	 0.344235
0.016515 	 638.055556 	 0.374361
0.016560 	 638.055556 	 0.405429
0.016605 	 638.055556 	 0.432158
0.016650 	 638.055556 	 0.450470
0.016695 	 638.055556 	 0.458435
0.016740 	 638.055556 	 0.456506
0.016785 	 638.055556 	 0.447005
0.016830 	 638.055556 	 0.433079
0.016875 	 638.055556 	 0.417528
0.016920 	 638.055556 	 0.401910
0.016965 	 638.055556 	 0.386261
0.017010 	 638.055556 	 0.369483
0.017055 	 638.055556 	 0.350246
0.017100 	 638.055556 	 0.328048
0.017145 	 638.055556 	 0.304009
0.017190 	 638.055556 	 0.281066
0.017235 	 638.055556 	 0.263452
0.017280 	 638.055556 	 0.255590
0.017325 	 638.055556 	 0.260724
0.017370 	 638.055556 	 0.279749
0.017415 	 638.055556 	 0.310608
0.017460 	 638.055556 	 0.348483
0.017505 	 638.055556 	 0.386753
0.017550 	 638.055556 	 0.418463
0.017595 	 638.055556 	 0.437912
0.017640 	 638.055556 	 0.441926
0.017685 	 638.055556 	 0.430509
0.017730 	 638.055556 	 0.406737
0.017775 	 638.055556 	 0.375967
0.017820 	 638.055556 	 0.344611
0.017865 	 638.055556 	 0.318795
0.017910 	 638.055556 	 0.303194
0.017955 	 638.055556 	 0.300257
0.018000 	 638.055556 	 0.309910
0.018045 	 638.055556 	 0.329705
0.018090 	 638.055556 	 0.355341
0.018135 	 638.055556 	 0.381421
0.018180 	 638.055556 	 0.402362
0.018225 	 638.055556 	 0.413342
0.018270 	 638.055556 	 0.411185
0.018315 	 638.055556 	 0.395069
0.018360 	 638.055556 	 0.366911
0.018405 	 638.055556 	 0.331291
0.018450 	 638.055556 	 0.294821
0.018495 	 638.055556 	 0.265007
0.018540 	 638.055556 	 0.248728
0.018585 	 638.055556 	 0.250664
0.018630 	 638.055556 	 0.272023
0.018675 	 638.055556 	 0.309936
0.018720 	 638.055556 	 0.357752
0.018765 	 638.055556 	 0.406248
0.018810 	 638.055556 	 0.445539
0.018855 	 638.055556 	 0.467251
0.018900 	 638.055556 	 0.466417
0.018945 	 638.055556 	 0.442620
0.018990 	 638.055556 	 0.400075
0.019035 	 638.055556 	 0.346622
0.019080 	 638.055556 	 0.291917
0.019125 	 638.055556 	 0.245282
0.019170 	 638.055556 	 0.213773
0.019215 	 638.055556 	 0.200926
0.019260 	 638.055556 	 0.206419
0.019305 	 638.055556 	 0.226653
0.019350 	 638.055556 	 0.255975
0.019395 	 638.055556 	 0.288166
0.019440 	 638.055556 	 0.317768
0.019485 	 638.055556 	 0.340954
0.019530 	 638.055556 	 0.355813
0.019575 	 638.055556 	 0.362126
0.019620 	 638.055556 	 0.360847
0.019665 	 638.055556 	 0.353524
0.019710 	 638.055556 	 0.341883
0.019755 	 638.055556 	 0.327634
0.019800 	 638.055556 	 0.312491
0.019845 	 638.055556 	 0.298246
0.019890 	 638.055556 	 0.286776
0.019935 	 638.055556 	 0.279895
0.019980 	 638.055556 	 0.279039
0.020025 	 638.055556 	 0.284902
0.020070 	 638.055556 	 0.297163
0.020115 	 638.055556 	 0.314433
0.020160 	 638.055556 	 0.334485
0.020205 	 638.055556 	 0.354717
0.020250 	 638.055556 	 0.372723
0.020295 	 638.055556 	 0.386771
0.020340 	 638.055556 	 0.396069
0.020385 	 638.055556 	 0.400729
0.020430 	 638.055556 	 0.401473
0.020475 	 638.055556 	 0.399230
0.020520 	 638.055556 	 0.394777
0.020565 	 638.055556 	 0.388572
0.020610 	 638.055556 	 0.380838
0.020655 	 638.055556 	 0.371820
0.020700 	 638.055556 	 0.362102
0.020745 	 638.055556 	 0.352784
0.020790 	 638.055556 	 0.345399
0.020835 	 638.055556 	 0.341547
0.020880 	 638.055556 	 0.342331
0.020925 	 638.055556 	 0.347785
0.020970 	 638.055556 	 0.356518
0.021015 	 638.055556 	 0.365748
0.021060 	 638.055556 	 0.371774
0.021105 	 638.055556 	 0.370817
0.021150 	 638.055556 	 0.360000
0.021195 	 638.055556 	 0.338210
0.021240 	 638.055556 	 0.306583
0.021285 	 638.055556 	 0.268463
0.021330 	 638.055556 	 0.228847
0.021375 	 638.055556 	 0.193435
0.021420 	 638.055556 	 0.167555
0.021465 	 638.055556 	 0.155188
0.021510 	 638.055556 	 0.158326
0.021555 	 638.055556 	 0.176738
0.021600 	 638.055556 	 0.208151
0.021645 	 638.055556 	 0.248718
0.021690 	 638.055556 	 0.293644
0.021735 	 638.055556 	 0.337827
0.021780 	 638.055556 	 0.376427
0.021825 	 638.055556 	 0.405340
0.021870 	 638.055556 	 0.421583
0.021915 	 638.055556 	 0.423594
0.021960 	 638.055556 	 0.411459
0.022005 	 638.055556 	 0.386994
0.022050 	 638.055556 	 0.353642
0.022095 	 638.055556 	 0.316103
0.022140 	 638.055556 	 0.279716
0.022185 	 638.055556 	 0.249645
0.022230 	 638.055556 	 0.230019
0.022275 	 638.055556 	 0.223220
0.022320 	 638.055556 	 0.229474
0.022365 	 638.055556 	 0.246872
0.022410 	 638.055556 	 0.271812
0.022455 	 638.055556 	 0.299761
0.022500 	 638.055556 	 0.326149
0.022545 	 638.055556 	 0.347166
0.022590 	 638.055556 	 0.360311
0.022635 	 638.055556 	 0.364585
0.022680 	 638.055556 	 0.360352
0.022725 	 638.055556 	 0.348998
0.022770 	 638.055556 	 0.332507
0.022815 	 638.055556 	 0.313116
0.022860 	 638.055556 	 0.293099
0.022905 	 638.055556 	 0.274679
0.022950 	 638.055556 	 0.259984
0.022995 	 638.055556 	 0.250960
0.023040 	 638.055556 	 0.249160
0.023085 	 638.055556 	 0.255426
0.023130 	 638.055556 	 0.269538
0.023175 	 638.055556 	 0.289969
0.023220 	 638.055556 	 0.313872
0.023265 	 638.055556 	 0.337398
0.023310 	 638.055556 	 0.356324
0.023355 	 638.055556 	 0.366876
0.023400 	 638.055556 	 0.366554
0.023445 	 638.055556 	 0.354750
0.023490 	 638.055556 	 0.332985
0.023535 	 638.055556 	 0.304695
0.023580 	 638.055556 	 0.274625
0.023625 	 638.055556 	 0.247954
0.023670 	 638.055556 	 0.229389
0.023715 	 638.055556 	 0.222392
0.023760 	 638.055556 	 0.228688
0.023805 	 638.055556 	 0.248108
0.023850 	 638.055556 	 0.278714
0.023895 	 638.055556 	 0.317136
0.023940 	 638.055556 	 0.359017
0.023985 	 638.055556 	 0.399499
0.024030 	 638.055556 	 0.433707
0.024075 	 638.055556 	 0.457245
0.024120 	 638.055556 	 0.466688
0.024165 	 638.055556 	 0.460054
0.024210 	 638.055556 	 0.437195
0.024255 	 638.055556 	 0.399991
0.024300 	 638.055556 	 0.352272
0.024345 	 638.055556 	 0.299389
0.024390 	 638.055556 	 0.247474
0.024435 	 638.055556 	 0.202485
0.024480 	 638.055556 	 0.169246
0.024525 	 638.055556 	 0.150677
0.024570 	 638.055556 	 0.147398
0.024615 	 638.055556 	 0.157795
0.024660 	 638.055556 	 0.178515
0.024705 	 638.055556 	 0.205229
0.024750 	 638.055556 	 0.233478
0.024795 	 638.055556 	 0.259371
0.024840 	 638.055556 	 0.280010
0.024885 	 638.055556 	 0.293598
0.024930 	 638.055556 	 0.299309
0.024975 	 638.055556 	 0.297048
0.025020 	 638.055556 	 0.287268
0.025065 	 638.055556 	 0.270909
0.025110 	 638.055556 	 0.249483
0.025155 	 638.055556 	 0.225199
0.025200 	 638.055556 	 0.200990
0.025245 	 638.055556 	 0.180327
0.025290 	 638.055556 	 0.166762
0.025335 	 638.055556 	 0.163272
0.025380 	 638.055556 	 0.171563
0.025425 	 638.055556 	 0.191556
0.025470 	 638.055556 	 0.221237
0.025515 	 638.055556 	 0.256969
0.025560 	 638.055556 	 0.294225
0.025605 	 638.055556 	 0.328538
0.025650 	 638.055556 	 0.356426
0.025695 	 638.055556 	 0.376007
0.025740 	 638.055556 	 0.387138
0.025785 	 638.055556 	 0.391057
0.025830 	 638.055556 	 0.389662
0.025875 	 638.055556 	 0.384684
0.025920 	 638.055556 	 0.377040
0.025965 	 638.055556 	 0.366576
0.026010 	 638.055556 	 0.352288
0.026055 	 638.055556 	 0.332928
0.026100 	 638.055556 	 0.307771
0.026145 	 638.055556 	 0.277273
0.026190 	 638.055556 	 0.243374
0.026235 	 638.055556 	 0.209318
0.026280 	 638.055556 	 0.179045
0.026325 	 638.055556 	 0.156320
0.026370 	 638.055556 	 0.143862
0.026415 	 638.055556 	 0.142734
0.026460 	 638.055556 	 0.152149
0.026505 	 638.055556 	 0.169735
0.026550 	 638.055556 	 0.192138
0.026595 	 638.055556 	 0.215776
0.026640 	 638.055556 	 0.237527
0.026685 	 638.055556 	 0.255171
0.026730 	 638.055556 	 0.267537
0.026775 	 638.055556 	 0.274365
0.026820 	 638.055556 	 0.276025
0.026865 	 638.055556 	 0.273211
0.026910 	 638.055556 	 0.266730
0.026955 	 638.055556 	 0.257425
0.027000 	 638.055556 	 0.246208
0.027045 	 638.055556 	 0.234119
0.027090 	 638.055556 	 0.222346
0.027135 	 638.055556 	 0.212140
0.027180 	 638.055556 	 0.204664
0.027225 	 638.055556 	 0.200797
0.027270 	 638.055556 	 0.201006
0.027315 	 638.055556 	 0.205313
0.027360 	 638.055556 	 0.213397
0.027405 	 638.055556 	 0.224751
0.027450 	 638.055556 	 0.238842
0.027495 	 638.055556 	 0.255165
0.027540 	 638.055556 	 0.273158
0.027585 	 638.055556 	 0.291993
0.027630 	 638.055556 	 0.310353
0.027675 	 638.055556 	 0.326289
0.027720 	 638.055556 	 0.337306
0.027765 	 638.055556 	 0.340698
0.027810 	 638.055556 	 0.334103
0.027855 	 638.055556 	 0.316143
0.027900 	 638.055556 	 0.286945
0.027945 	 638.055556 	 0.248390
0.027990 	 638.055556 	 0.203960
0.028035 	 638.055556 	 0.158211
0.028080 	 638.055556 	 0.115987
0.028125 	 638.055556 	 0.081572
0.028170 	 638.055556 	 0.058004
0.028215 	 638.055556 	 0.046710
0.028260 	 638.055556 	 0.047501
0.028305 	 638.055556 	 0.058892
0.028350 	 638.055556 	 0.078576
0.028395 	 638.055556 	 0.103902
0.028440 	 638.055556 	 0.132219
0.028485 	 638.055556 	 0.161030
0.028530 	 638.055556 	 0.188014
0.028575 	 638.055556 	 0.211012
0.028620 	 638.055556 	 0.228112
0.028665 	 638.055556 	 0.237875
0.028710 	 638.055556 	 0.239689
0.028755 	 638.055556 	 0.234123
0.028800 	 638.055556 	 0.223117
0.028845 	 638.055556 	 0.209850
0.028890 	 638.055556 	 0.198226
0.028935 	 638.055556 	 0.192062
0.028980 	 638.055556 	 0.194146
0.029025 	 638.055556 	 0.205462
0.029070 	 638.055556 	 0.224817
0.029115 	 638.055556 	 0.249032
0.029160 	 638.055556 	 0.273675
0.029205 	 638.055556 	 0.294169
0.029250 	 638.055556 	 0.306951
0.029295 	 638.055556 	 0.310360
0.029340 	 638.055556 	 0.304994
0.029385 	 638.055556 	 0.293433
0.029430 	 638.055556 	 0.279438
0.029475 	 638.055556 	 0.266878
0.029520 	 638.055556 	 0.258708
0.029565 	 638.055556 	 0.256312
0.029610 	 638.055556 	 0.259373
0.029655 	 638.055556 	 0.266249
0.029700 	 638.055556 	 0.274694
0.029745 	 638.055556 	 0.282647
0.029790 	 638.055556 	 0.288804
0.029835 	 638.055556 	 0.292809
0.029880 	 638.055556 	 0.295029
0.029925 	 638.055556 	 0.296042
0.029970 	 638.055556 	 0.296063
0.030015 	 638.055556 	 0.294558
0.030060 	 638.055556 	 0.290200
0.030105 	 638.055556 	 0.281202
0.030150 	 638.055556 	 0.265920
0.030195 	 638.055556 	 0.243509
0.030240 	 638.055556 	 0.214409
0.030285 	 638.055556 	 0.180475
0.030330 	 638.055556 	 0.144720
0.030375 	 638.055556 	 0.110735
0.030420 	 638.055556 	 0.081982
0.030465 	 638.055556 	 0.061161
0.030510 	 638.055556 	 0.049820
0.030555 	 638.055556 	 0.048291
0.030600 	 638.055556 	 0.055889
0.030645 	 638.055556 	 0.071268
0.030690 	 638.055556 	 0.092770
0.030735 	 638.055556 	 0.118646
0.030780 	 638.055556 	 0.147110
0.030825 	 638.055556 	 0.176270
0.030870 	 638.055556 	 0.204048
0.030915 	 638.055556 	 0.228199
0.030960 	 638.055556 	 0.246497
0.031005 	 638.055556 	 0.257089
0.031050 	 638.055556 	 0.258906
0.031095 	 638.055556 	 0.251994
0.031140 	 638.055556 	 0.237632
0.031185 	 638.055556 	 0.218162
0.031230 	 638.055556 	 0.196549
0.031275 	 638.055556 	 0.175797
0.031320 	 638.055556 	 0.158378
0.031365 	 638.055556 	 0.145852
0.031410 	 638.055556 	 0.138769
0.031455 	 638.055556 	 0.136857
0.031500 	 638.055556 	 0.139393
0.031545 	 638.055556 	 0.145610
0.031590 	 638.055556 	 0.154976
0.031635 	 638.055556 	 0.167256
0.031680 	 638.055556 	 0.182344
0.031725 	 638.055556 	 0.199968
0.031770 	 638.055556 	 0.219411
0.031815 	 638.055556 	 0.239377
0.031860 	 638.055556 	 0.258109
0.031905 	 638.055556 	 0.273715
0.031950 	 638.055556 	 0.284616
0.031995 	 638.055556 	 0.289944
0.032040 	 638.055556 	 0.289746
0.032085 	 638.055556 	 0.284902
0.032130 	 638.055556 	 0.276786
0.032175 	 638.055556 	 0.266779
0.032220 	 638.055556 	 0.255815
0.032265 	 638.055556 	 0.244117
0.032310 	 638.055556 	 0.231235
0.032355 	 638.055556 	 0.216360
0.032400 	 638.055556 	 0.198811
0.032445 	 638.055556 	 0.178507
0.032490 	 638.055556 	 0.156248
0.032535 	 638.055556 	 0.133702
0.032580 	 638.055556 	 0.113072
0.032625 	 638.055556 	 0.096571
0.032670 	 638.055556 	 0.085863
0.032715 	 638.055556 	 0.081657
0.032760 	 638.055556 	 0.083585
0.032805 	 638.055556 	 0.090383
0.032850 	 638.055556 	 0.100292
0.032895 	 638.055556 	 0.111541
0.032940 	 638.055556 	 0.122725
0.032985 	 638.055556 	 0.132986
0.033030 	 638.055556 	 0.141947
0.033075 	 638.055556 	 0.149484
0.033120 	 638.055556 	 0.155466
0.033165 	 638.055556 	 0.159594
0.033210 	 638.055556 	 0.161434
0.033255 	 638.055556 	 0.160635
0.033300 	 638.055556 	 0.157248
0.033345 	 638.055556 	 0.151984
0.033390 	 638.055556 	 0.146282
0.033435 	 638.055556 	 0.142100
0.033480 	 638.055556 	 0.141449
0.033525 	 638.055556 	 0.145814
0.033570 	 638.055556 	 0.155619
0.033615 	 638.055556 	 0.169952
0.033660 	 638.055556 	 0.186635
0.033705 	 638.055556 	 0.202659
0.033750 	 638.055556 	 0.214856
0.033795 	 638.055556 	 0.220615
0.033840 	 638.055556 	 0.218437
0.033885 	 638.055556 	 0.208167
0.033930 	 638.055556 	 0.190872
0.033975 	 638.055556 	 0.168430
0.034020 	 638.055556 	 0.143004
0.034065 	 638.055556 	 0.116581
0.034110 	 638.055556 	 0.090739
0.034155 	 638.055556 	 0.066665
0.034200 	 638.055556 	 0.045399
0.034245 	 638.055556 	 0.028129
0.034290 	 638.055556 	 0.016384
0.034335 	 638.055556 	 0.011999
0.034380 	 638.055556 	 0.016812
0.034425 	 638.055556 	 0.032169
0.034470 	 638.055556 	 0.058407
0.034515 	 638.055556 	 0.094486
0.034560 	 638.055556 	 0.137933
0.034605 	 638.055556 	 0.185134
0.034650 	 638.055556 	 0.231924
0.034695 	 638.055556 	 0.274304
0.034740 	 638.055556 	 0.309101
0.034785 	 638.055556 	 0.334369
0.034830 	 638.055556 	 0.349469
0.034875 	 638.055556 	 0.354830
0.034920 	 638.055556 	 0.351504
0.034965 	 638.055556 	 0.340712
0.035010 	 638.055556 	 0.323517
0.035055 	 638.055556 	 0.300733
0.035100 	 638.055556 	 0.273079
0.035145 	 638.055556 	 0.241475
0.035190 	 638.055556 	 0.207342
0.035235 	 638.055556 	 0.172773
0.035280 	 638.055556 	 0.140475
0.035325 	 638.055556 	 0.113467
0.035370 	 638.055556 	 0.094632
0.035415 	 638.055556 	 0.086210
0.035460 	 638.055556 	 0.089392
0.035505 	 638.055556 	 0.104102
0.035550 	 638.055556 	 0.129002
0.035595 	 638.055556 	 0.161689
0.035640 	 638.055556 	 0.199021
0.035685 	 638.055556 	 0.237484
0.035730 	 638.055556 	 0.273539
0.035775 	 638.055556 	 0.303913
0.035820 	 638.055556 	 0.325848
0.035865 	 638.055556 	 0.337307
0.035910 	 638.055556 	 0.337156
0.035955 	 638.055556 	 0.325305
0.036000 	 638.055556 	 0.302757
0.036045 	 638.055556 	 0.271525
0.036090 	 638.055556 	 0.234390
0.036135 	 638.055556 	 0.194496
0.036180 	 638.055556 	 0.154881
0.036225 	 638.055556 	 0.118019
0.036270 	 638.055556 	 0.085511
0.036315 	 638.055556 	 0.058004
0.036360 	 638.055556 	 0.035368
0.036405 	 638.055556 	 0.017065
0.036450 	 638.055556 	 0.002593
0.036495 	 638.055556 	 -0.008148
0.036540 	 638.055556 	 -0.014692
0.036585 	 638.055556 	 -0.016105
0.036630 	 638.055556 	 -0.011324
0.036675 	 638.055556 	 0.000389
0.036720 	 638.055556 	 0.019023
0.036765 	 638.055556 	 0.043581
0.036810 	 638.055556 	 0.072111
0.036855 	 638.055556 	 0.102004
0.036900 	 638.055556 	 0.130470
0.036945 	 638.055556 	 0.155041
0.036990 	 638.055556 	 0.173960
0.037035 	 638.055556 	 0.186340
0.037080 	 638.055556 	 0.192093
0.037125 	 638.055556 	 0.191690
0.037170 	 638.055556 	 0.185861
0.037215 	 638.055556 	 0.175383
0.037260 	 638.055556 	 0.161018
0.037305 	 638.055556 	 0.143619
0.037350 	 638.055556 	 0.124329
0.037395 	 638.055556 	 0.104741
0.037440 	 638.055556 	 0.086930
0.037485 	 638.055556 	 0.073256
0.037530 	 638.055556 	 0.065987
0.037575 	 638.055556 	 0.066813
0.037620 	 638.055556 	 0.076416
0.037665 	 638.055556 	 0.094233
0.037710 	 638.055556 	 0.118491
0.037755 	 638.055556 	 0.146530
0.037800 	 638.055556 	 0.175311
0.037845 	 638.055556 	 0.201961
0.037890 	 638.055556 	 0.224205
0.037935 	 638.055556 	 0.240565
0.037980 	 638.055556 	 0.250311
0.038025 	 638.055556 	 0.253221
0.038070 	 638.055556 	 0.249283
0.038115 	 638.055556 	 0.238463
0.038160 	 638.055556 	 0.220642
0.038205 	 638.055556 	 0.195753
0.038250 	 638.055556 	 0.164028
0.038295 	 638.055556 	 0.126264
0.038340 	 638.055556 	 0.083980
0.038385 	 638.055556 	 0.039369
0.038430 	 638.055556 	 -0.004944
0.038475 	 638.055556 	 -0.046269
0.038520 	 638.055556 	 -0.082233
0.038565 	 638.055556 	 -0.111049
0.038610 	 638.055556 	 -0.131591
0.038655 	 638.055556 	 -0.143286
0.038700 	 638.055556 	 -0.145890
0.038745 	 638.055556 	 -0.139280
0.038790 	 638.055556 	 -0.123359
0.038835 	 638.055556 	 -0.098141
0.038880 	 638.055556 	 -0.064000
0.038925 	 638.055556 	 -0.021970
0.038970 	 638.055556 	 0.026039
0.039015 	 638.055556 	 0.077239
0.039060 	 638.055556 	 0.128223
0.039105 	 638.055556 	 0.175472
0.039150 	 638.055556 	 0.215954
0.039195 	 638.055556 	 0.247650
0.039240 	 638.055556 	 0.269840
0.039285 	 638.055556 	 0.283046
0.039330 	 638.055556 	 0.288654
0.039375 	 638.055556 	 0.288342
0.039420 	 638.055556 	 0.283501
0.039465 	 638.055556 	 0.274847
0.039510 	 638.055556 	 0.262345
0.039555 	 638.055556 	 0.245461
0.039600 	 638.055556 	 0.223641
0.039645 	 638.055556 	 0.196830
0.039690 	 638.055556 	 0.165836
0.039735 	 638.055556 	 0.132407
0.039780 	 638.055556 	 0.098965
0.039825 	 638.055556 	 0.068100
0.039870 	 638.055556 	 0.041989
0.039915 	 638.055556 	 0.021923
0.039960 	 638.055556 	 0.008103
0.040005 	 638.055556 	 -0.000242
0.040050 	 638.055556 	 -0.004477
0.040095 	 638.055556 	 -0.006069
0.040140 	 638.055556 	 -0.006156
0.040185 	 638.055556 	 -0.005319
0.040230 	 638.055556 	 -0.003616
0.040275 	 638.055556 	 -0.000825
0.040320 	 638.055556 	 0.003222
0.040365 	 638.055556 	 0.008382
0.040410 	 638.055556 	 0.014136
0.040455 	 638.055556 	 0.019755
0.040500 	 638.055556 	 0.024646
0.040545 	 638.055556 	 0.028723
0.040590 	 638.055556 	 0.032653
0.040635 	 638.055556 	 0.037858
0.040680 	 638.055556 	 0.046217
0.040725 	 638.055556 	 0.059562
0.040770 	 638.055556 	 0.079098
0.040815 	 638.055556 	 0.104951
0.040860 	 638.055556 	 0.135970
0.040905 	 638.055556 	 0.169864
0.040950 	 638.055556 	 0.203630
0.040995 	 638.055556 	 0.234131
0.041040 	 638.055556 	 0.258667
0.041085 	 638.055556 	 0.275376
0.041130 	 638.055556 	 0.283394
0.041175 	 638.055556 	 0.282777
0.041220 	 638.055556 	 0.274267
0.041265 	 638.055556 	 0.259040
0.041310 	 638.055556 	 0.238519
0.041355 	 638.055556 	 0.214314
0.041400 	 638.055556 	 0.188249
0.041445 	 638.055556 	 0.162389
0.041490 	 638.055556 	 0.138978
0.041535 	 638.055556 	 0.120210
0.041580 	 638.055556 	 0.107864
0.041625 	 638.055556 	 0.102883
0.041670 	 638.055556 	 0.105041
0.041715 	 638.055556 	 0.112835
0.041760 	 638.055556 	 0.123686
0.041805 	 638.055556 	 0.134424
0.041850 	 638.055556 	 0.141949
0.041895 	 638.055556 	 0.143873
0.041940 	 638.055556 	 0.138962
0.041985 	 638.055556 	 0.127239
0.042030 	 638.055556 	 0.109755
0.042075 	 638.055556 	 0.088091
0.042120 	 638.055556 	 0.063812
0.042165 	 638.055556 	 0.038044
0.042210 	 638.055556 	 0.011334
0.042255 	 638.055556 	 -0.016176
0.042300 	 638.055556 	 -0.044336
0.042345 	 638.055556 	 -0.072533
0.042390 	 638.055556 	 -0.099375
0.042435 	 638.055556 	 -0.122673
0.042480 	 638.055556 	 -0.139763
0.042525 	 638.055556 	 -0.148076
0.042570 	 638.055556 	 -0.145776
0.042615 	 638.055556 	 -0.132242
0.042660 	 638.055556 	 -0.108227
0.042705 	 638.055556 	 -0.075645
0.042750 	 638.055556 	 -0.037041
0.042795 	 638.055556 	 0.005049
0.042840 	 638.055556 	 0.048633
0.042885 	 638.055556 	 0.092502
0.042930 	 638.055556 	 0.136112
0.042975 	 638.055556 	 0.179155
0.043020 	 638.055556 	 0.221029
0.043065 	 638.055556 	 0.260424
0.043110 	 638.055556 	 0.295245
0.043155 	 638.055556 	 0.322924
0.043200 	 638.055556 	 0.341086
0.043245 	 638.055556 	 0.348322
0.043290 	 638.055556 	 0.344817
0.043335 	 638.055556 	 0.332562
0.043380 	 638.055556 	 0.315038
0.043425 	 638.055556 	 0.296399
0.043470 	 638.055556 	 0.280375
0.043515 	 638.055556 	 0.269212
0.043560 	 638.055556 	 0.262977
0.043605 	 638.055556 	 0.259447
0.043650 	 638.055556 	 0.254652
0.043695 	 638.055556 	 0.243918
0.043740 	 638.055556 	 0.223143
0.043785 	 638.055556 	 0.189932
0.043830 	 638.055556 	 0.144295
0.043875 	 638.055556 	 0.088725
0.043920 	 638.055556 	 0.027663
0.043965 	 638.055556 	 -0.033486
0.044010 	 638.055556 	 -0.089486
0.044055 	 638.055556 	 -0.136264
0.044100 	 638.055556 	 -0.171533
0.044145 	 638.055556 	 -0.194928
0.044190 	 638.055556 	 -0.207706
0.044235 	 638.055556 	 -0.212147
0.044280 	 638.055556 	 -0.210870
0.044325 	 638.055556 	 -0.206248
0.044370 	 638.055556 	 -0.200037
0.044415 	 638.055556 	 -0.193267
0.044460 	 638.055556 	 -0.186338
0.044505 	 638.055556 	 -0.179220
0.044550 	 638.055556 	 -0.171677
0.044595 	 638.055556 	 -0.163433
0.044640 	 638.055556 	 -0.154258
0.044685 	 638.055556 	 -0.143992
0.044730 	 638.055556 	 -0.132542
0.044775 	 638.055556 	 -0.119891
0.044820 	 638.055556 	 -0.106120
0.044865 	 638.055556 	 -0.091443
0.044910 	 638.055556 	 -0.076215
0.044955 	 638.055556 	 -0.060898
0.045000 	 638.055556 	 -0.045984
0.045045 	 638.055556 	 -0.031872
0.045090 	 638.055556 	 -0.018767
0.045135 	 638.055556 	 -0.006611
0.045180 	 638.055556 	 0.004900
0.045225 	 638.055556 	 0.016233
0.045270 	 638.055556 	 0.027879
0.045315 	 638.055556 	 0.040217
0.045360 	 638.055556 	 0.053409
0.045405 	 638.055556 	 0.067375
0.045450 	 638.055556 	 0.081826
0.045495 	 638.055556 	 0.096357
0.045540 	 638.055556 	 0.110550
0.045585 	 638.055556 	 0.124054
0.045630 	 638.055556 	 0.136636
0.045675 	 638.055556 	 0.148192
0.045720 	 638.055556 	 0.158733
0.045765 	 638.055556 	 0.168367
0.045810 	 638.055556 	 0.177265
0.045855 	 638.055556 	 0.185618
0.045900 	 638.055556 	 0.193549
0.045945 	 638.055556 	 0.200971
0.045990 	 638.055556 	 0.207416
0.046035 	 638.055556 	 0.211867
0.046080 	 638.055556 	 0.212676
0.046125 	 638.055556 	 0.207656
0.046170 	 638.055556 	 0.194382
0.046215 	 638.055556 	 0.170711
0.046260 	 638.055556 	 0.135403
0.046305 	 638.055556 	 0.088705
0.046350 	 638.055556 	 0.032693
0.046395 	 638.055556 	 -0.028780
0.046440 	 638.055556 	 -0.090598
0.046485 	 638.055556 	 -0.147289
0.046530 	 638.055556 	 -0.194137
0.046575 	 638.055556 	 -0.228214
0.046620 	 638.055556 	 -0.249037
0.046665 	 638.055556 	 -0.258653
0.046710 	 638.055556 	 -0.261078
0.046755 	 638.055556 	 -0.261233
0.046800 	 638.055556 	 -0.263639
0.046845 	 638.055556 	 -0.271225
0.046890 	 638.055556 	 -0.284600
0.046935 	 638.055556 	 -0.301962
0.046980 	 638.055556 	 -0.319677
0.047025 	 638.055556 	 -0.333323
0.047070 	 638.055556 	 -0.338898
0.047115 	 638.055556 	 -0.333822
0.047160 	 638.055556 	 -0.317459
0.047205 	 638.055556 	 -0.291058
0.047250 	 638.055556 	 -0.257162
0.047295 	 638.055556 	 -0.218753
0.047340 	 638.055556 	 -0.178412
0.047385 	 638.055556 	 -0.137792
0.047430 	 638.055556 	 -0.097543
0.047475 	 638.055556 	 -0.057675
0.047520 	 638.055556 	 -0.018179
0.047565 	 638.055556 	 0.020349
0.047610 	 638.055556 	 0.056357
0.047655 	 638.055556 	 0.087390
0.047700 	 638.055556 	 0.110564
0.047745 	 638.055556 	 0.123300
0.047790 	 638.055556 	 0.124068
0.047835 	 638.055556 	 0.112892
0.047880 	 638.055556 	 0.091438
0.047925 	 638.055556 	 0.062661
0.047970 	 638.055556 	 0.030127
0.048015 	 638.055556 	 -0.002752
0.048060 	 638.055556 	 -0.033352
0.048105 	 638.055556 	 -0.060130
0.048150 	 638.055556 	 -0.082554
0.048195 	 638.055556 	 -0.100723
0.048240 	 638.055556 	 -0.114893
0.048285 	 638.055556 	 -0.125090
0.048330 	 638.055556 	 -0.130985
0.048375 	 638.055556 	 -0.132082
0.048420 	 638.055556 	 -0.128115
0.048465 	 638.055556 	 -0.119503
0.048510 	 638.055556 	 -0.107659
0.048555 	 638.055556 	 -0.094984
0.048600 	 638.055556 	 -0.084520
0.048645 	 638.055556 	 -0.079341
0.048690 	 638.055556 	 -0.081846
0.048735 	 638.055556 	 -0.093178
0.048780 	 638.055556 	 -0.112949
0.048825 	 638.055556 	 -0.139330
0.048870 	 638.055556 	 -0.169476
0.048915 	 638.055556 	 -0.200133
0.048960 	 638.055556 	 -0.228255
0.049005 	 638.055556 	 -0.251443
0.049050 	 638.055556 	 -0.268139
0.049095 	 638.055556 	 -0.277573
0.049140 	 638.055556 	 -0.279557
0.049185 	 638.055556 	 -0.274269
0.049230 	 638.055556 	 -0.262112
0.049275 	 638.055556 	 -0.243727
0.049320 	 638.055556 	 -0.220092
0.049365 	 638.055556 	 -0.192645
0.049410 	 638.055556 	 -0.163293
0.049455 	 638.055556 	 -0.134257
0.049500 	 638.055556 	 -0.107731
0.049545 	 638.055556 	 -0.085461
0.049590 	 638.055556 	 -0.068360
0.049635 	 638.055556 	 -0.056304
0.049680 	 638.055556 	 -0.048208
0.049725 	 638.055556 	 -0.042370
0.049770 	 638.055556 	 -0.036986
0.049815 	 638.055556 	 -0.030682
0.049860 	 638.055556 	 -0.022884
0.049905 	 638.055556 	 -0.013914
0.049950 	 638.055556 	 -0.004800
0.049995 	 638.055556 	 0.003146
0.050040 	 638.055556 	 0.008784
0.050085 	 638.055556 	 0.011503
0.050130 	 638.055556 	 0.011326
0.050175 	 638.055556 	 0.008748
0.050220 	 638.055556 	 0.004363
0.050265 	 638.055556 	 -0.001545
0.050310 	 638.055556 	 -0.009293
0.050355 	 638.055556 	 -0.019832
0.050400 	 638.055556 	 -0.034494
0.050445 	 638.055556 	 -0.054516
0.050490 	 638.055556 	 -0.080511
0.050535 	 638.055556 	 -0.112060
0.050580 	 638.055556 	 -0.147590
0.050625 	 638.055556 	 -0.184575
0.050670 	 638.055556 	 -0.220021
0.050715 	 638.055556 	 -0.251082
0.050760 	 638.055556 	 -0.275613
0.050805 	 638.055556 	 -0.292502
0.050850 	 638.055556 	 -0.301694
0.050895 	 638.055556 	 -0.303922
0.050940 	 638.055556 	 -0.300268
0.050985 	 638.055556 	 -0.291706
0.051030 	 638.055556 	 -0.278785
0.051075 	 638.055556 	 -0.261546
0.051120 	 638.055556 	 -0.239673
0.051165 	 638.055556 	 -0.212801
0.051210 	 638.055556 	 -0.180845
0.051255 	 638.055556 	 -0.144243
0.051300 	 638.055556 	 -0.104024
0.051345 	 638.055556 	 -0.061703
0.051390 	 638.055556 	 -0.019067
0.051435 	 638.055556 	 0.022060
0.051480 	 638.055556 	 0.059968
0.051525 	 638.055556 	 0.093108
0.051570 	 638.055556 	 0.120043
0.051615 	 638.055556 	 0.139374
0.051660 	 638.055556 	 0.149728
0.051705 	 638.055556 	 0.149871
0.051750 	 638.055556 	 0.138948
0.051795 	 638.055556 	 0.116790
0.051840 	 638.055556 	 0.084178
0.051885 	 638.055556 	 0.042956
0.051930 	 638.055556 	 -0.004085
0.051975 	 638.055556 	 -0.053546
0.052020 	 638.055556 	 -0.101918
0.052065 	 638.055556 	 -0.146089
0.052110 	 638.055556 	 -0.183736
0.052155 	 638.055556 	 -0.213494
0.052200 	 638.055556 	 -0.234865
0.052245 	 638.055556 	 -0.247956
0.052290 	 638.055556 	 -0.253138
0.052335 	 638.055556 	 -0.250785
0.052380 	 638.055556 	 -0.241190
0.052425 	 638.055556 	 -0.224678
0.052470 	 638.055556 	 -0.201877
0.052515 	 638.055556 	 -0.174004
0.052560 	 638.055556 	 -0.143044
0.052605 	 638.055556 	 -0.111699
0.052650 	 638.055556 	 -0.083099
0.052695 	 638.055556 	 -0.060314
0.052740 	 638.055556 	 -0.045817
0.052785 	 638.055556 	 -0.041035
0.052830 	 638.055556 	 -0.046137
0.052875 	 638.055556 	 -0.060092
0.052920 	 638.055556 	 -0.080968
0.052965 	 638.055556 	 -0.106368
0.053010 	 638.055556 	 -0.133857
0.053055 	 638.055556 	 -0.161250
0.053100 	 638.055556 	 -0.186723
0.053145 	 638.055556 	 -0.208746
0.053190 	 638.055556 	 -0.225942
0.053235 	 638.055556 	 -0.236973
0.053280 	 638.055556 	 -0.240555
0.053325 	 638.055556 	 -0.235628
0.053370 	 638.055556 	 -0.221636
0.053415 	 638.055556 	 -0.198827
0.053460 	 638.055556 	 -0.168440
0.053505 	 638.055556 	 -0.132684
0.053550 	 638.055556 	 -0.094494
0.053595 	 638.055556 	 -0.057099
0.053640 	 638.055556 	 -0.023529
0.053685 	 638.055556 	 0.003809
0.053730 	 638.055556 	 0.023372
0.053775 	 638.055556 	 0.034486
0.053820 	 638.055556 	 0.037151
0.053865 	 638.055556 	 0.031740
0.053910 	 638.055556 	 0.018723
0.053955 	 638.055556 	 -0.001489
0.054000 	 638.055556 	 -0.028511
0.054045 	 638.055556 	 -0.061819
0.054090 	 638.055556 	 -0.100503
0.054135 	 638.055556 	 -0.143079
0.054180 	 638.055556 	 -0.187439
0.054225 	 638.055556 	 -0.230976
0.054270 	 638.055556 	 -0.270871
0.054315 	 638.055556 	 -0.304448
0.054360 	 638.055556 	 -0.329501
0.054405 	 638.055556 	 -0.344515
0.054450 	 638.055556 	 -0.348738
0.054495 	 638.055556 	 -0.342132
0.054540 	 638.055556 	 -0.325274
0.054585 	 638.055556 	 -0.299271
0.054630 	 638.055556 	 -0.265752
0.054675 	 638.055556 	 -0.226913
0.054720 	 638.055556 	 -0.185574
0.054765 	 638.055556 	 -0.145149
0.054810 	 638.055556 	 -0.109453
0.054855 	 638.055556 	 -0.082318
0.054900 	 638.055556 	 -0.067055
0.054945 	 638.055556 	 -0.065881
0.054990 	 638.055556 	 -0.079451
0.055035 	 638.055556 	 -0.106653
0.055080 	 638.055556 	 -0.144729
0.055125 	 638.055556 	 -0.189706
0.055170 	 638.055556 	 -0.237056
0.055215 	 638.055556 	 -0.282387
0.055260 	 638.055556 	 -0.322021
0.055305 	 638.055556 	 -0.353312
0.055350 	 638.055556 	 -0.374688
0.055395 	 638.055556 	 -0.385456
0.055440 	 638.055556 	 -0.385505
0.055485 	 638.055556 	 -0.375045
0.055530 	 638.055556 	 -0.354489
0.055575 	 638.055556 	 -0.324515
0.055620 	 638.055556 	 -0.286253
0.055665 	 638.055556 	 -0.241484
0.055710 	 638.055556 	 -0.192732
0.055755 	 638.055556 	 -0.143152
0.055800 	 638.055556 	 -0.096207
0.055845 	 638.055556 	 -0.055195
0.055890 	 638.055556 	 -0.022764
0.055935 	 638.055556 	 -0.000553
0.055980 	 638.055556 	 0.010950
0.056025 	 638.055556 	 0.012282
0.056070 	 638.055556 	 0.004700
0.056115 	 638.055556 	 -0.010201
0.056160 	 638.055556 	 -0.030800
0.056205 	 638.055556 	 -0.055609
0.056250 	 638.055556 	 -0.083242
0.056295 	 638.055556 	 -0.112264
0.056340 	 638.055556 	 -0.141036
0.056385 	 638.055556 	 -0.167667
0.056430 	 638.055556 	 -0.190157
0.056475 	 638.055556 	 -0.206733
0.056520 	 638.055556 	 -0.216258
0.056565 	 638.055556 	 -0.218598
0.056610 	 638.055556 	 -0.214779
0.056655 	 638.055556 	 -0.206852
0.056700 	 638.055556 	 -0.197455
0.056745 	 638.055556 	 -0.189200
0.056790 	 638.055556 	 -0.184031
0.056835 	 638.055556 	 -0.182772
0.056880 	 638.055556 	 -0.184979
0.056925 	 638.055556 	 -0.189141
0.056970 	 638.055556 	 -0.193170
0.057015 	 638.055556 	 -0.194998
0.057060 	 638.055556 	 -0.193118
0.057105 	 638.055556 	 -0.186897
0.057150 	 638.055556 	 -0.176599
0.057195 	 638.055556 	 -0.163156
0.057240 	 638.055556 	 -0.147801
0.057285 	 638.055556 	 -0.131722
0.057330 	 638.055556 	 -0.115851
0.057375 	 638.055556 	 -0.100870
0.057420 	 638.055556 	 -0.087366
0.057465 	 638.055556 	 -0.076061
0.057510 	 638.055556 	 -0.067959
0.057555 	 638.055556 	 -0.064321
0.057600 	 638.055556 	 -0.066440
0.057645 	 638.055556 	 -0.075274
0.057690 	 638.055556 	 -0.091078
0.057735 	 638.055556 	 -0.113159
0.057780 	 638.055556 	 -0.139894
0.057825 	 638.055556 	 -0.169004
0.057870 	 638.055556 	 -0.198024
0.057915 	 638.055556 	 -0.224823
0.057960 	 638.055556 	 -0.247993
0.058005 	 638.055556 	 -0.266996
0.058050 	 638.055556 	 -0.282016
0.058095 	 638.055556 	 -0.293593
0.058140 	 638.055556 	 -0.302178
0.058185 	 638.055556 	 -0.307783
0.058230 	 638.055556 	 -0.309867
0.058275 	 638.055556 	 -0.307505
0.058320 	 638.055556 	 -0.299777
0.058365 	 638.055556 	 -0.286237
0.058410 	 638.055556 	 -0.267290
0.058455 	 638.055556 	 -0.244316
0.058500 	 638.055556 	 -0.219490
0.058545 	 638.055556 	 -0.195351
0.058590 	 638.055556 	 -0.174240
0.058635 	 638.055556 	 -0.157812
0.058680 	 638.055556 	 -0.146753
0.058725 	 638.055556 	 -0.140807
0.058770 	 638.055556 	 -0.139071
0.058815 	 638.055556 	 -0.140437
0.058860 	 638.055556 	 -0.144026
0.058905 	 638.055556 	 -0.149448
0.058950 	 638.055556 	 -0.156811
0.058995 	 638.055556 	 -0.166489
0.059040 	 638.055556 	 -0.178746
0.059085 	 638.055556 	 -0.193379
0.059130 	 638.055556 	 -0.209500
0.059175 	 638.055556 	 -0.225563
0.059220 	 638.055556 	 -0.239615
0.059265 	 638.055556 	 -0.249690
0.059310 	 638.055556 	 -0.254221
0.059355 	 638.055556 	 -0.252338
0.059400 	 638.055556 	 -0.243975
0.059445 	 638.055556 	 -0.229790
0.059490 	 638.055556 	 -0.210961
0.059535 	 638.055556 	 -0.188944
0.059580 	 638.055556 	 -0.165305
0.059625 	 638.055556 	 -0.141636
0.059670 	 638.055556 	 -0.119568
0.059715 	 638.055556 	 -0.100795
0.059760 	 638.055556 	 -0.087032
0.059805 	 638.055556 	 -0.079867
0.059850 	 638.055556 	 -0.080501
0.059895 	 638.055556 	 -0.089452
0.059940 	 638.055556 	 -0.106329
0.059985 	 638.055556 	 -0.129784
0.060030 	 638.055556 	 -0.157683
0.060075 	 638.055556 	 -0.187484
0.060120 	 638.055556 	 -0.216715
0.060165 	 638.055556 	 -0.243405
0.060210 	 638.055556 	 -0.266337
0.060255 	 638.055556 	 -0.285045
0.060300 	 638.055556 	 -0.299587
0.060345 	 638.055556 	 -0.310185
0.060390 	 638.055556 	 -0.316910
0.060435 	 638.055556 	 -0.319547
0.060480 	 638.055556 	 -0.317718
0.060525 	 638.055556 	 -0.311219
0.060570 	 638.055556 	 -0.300450
0.060615 	 638.055556 	 -0.286724
0.060660 	 638.055556 	 -0.272294
0.060705 	 638.055556 	 -0.260008
0.060750 	 638.055556 	 -0.252641
0.060795 	 638.055556 	 -0.252084
0.060840 	 638.055556 	 -0.258659
0.060885 	 638.055556 	 -0.270800
0.060930 	 638.055556 	 -0.285264
0.060975 	 638.055556 	 -0.297858
0.061020 	 638.055556 	 -0.304503
0.061065 	 638.055556 	 -0.302342
0.061110 	 638.055556 	 -0.290551
0.061155 	 638.055556 	 -0.270617
0.061200 	 638.055556 	 -0.245977
0.061245 	 638.055556 	 -0.221126
0.061290 	 638.055556 	 -0.200454
0.061335 	 638.055556 	 -0.187149
0.061380 	 638.055556 	 -0.182475
0.061425 	 638.055556 	 -0.185610
0.061470 	 638.055556 	 -0.194054
0.061515 	 638.055556 	 -0.204426
0.061560 	 638.055556 	 -0.213396
0.061605 	 638.055556 	 -0.218455
0.061650 	 638.055556 	 -0.218326
0.061695 	 638.055556 	 -0.212965
0.061740 	 638.055556 	 -0.203235
0.061785 	 638.055556 	 -0.190436
0.061830 	 638.055556 	 -0.175905
0.061875 	 638.055556 	 -0.160822
0.061920 	 638.055556 	 -0.146257
0.061965 	 638.055556 	 -0.133372
0.062010 	 638.055556 	 -0.123620
0.062055 	 638.055556 	 -0.118776
0.062100 	 638.055556 	 -0.120708
0.062145 	 638.055556 	 -0.130915
0.062190 	 638.055556 	 -0.149973
0.062235 	 638.055556 	 -0.177076
0.062280 	 638.055556 	 -0.209883
0.062325 	 638.055556 	 -0.244767
0.062370 	 638.055556 	 -0.277443
0.062415 	 638.055556 	 -0.303825
0.062460 	 638.055556 	 -0.320870
0.062505 	 638.055556 	 -0.327176
0.062550 	 638.055556 	 -0.323163
0.062595 	 638.055556 	 -0.310818
0.062640 	 638.055556 	 -0.293077
0.062685 	 638.055556 	 -0.273082
0.062730 	 638.055556 	 -0.253511
0.062775 	 638.055556 	 -0.236172
0.062820 	 638.055556 	 -0.221939
0.062865 	 638.055556 	 -0.210971
0.062910 	 638.055556 	 -0.203089
0.062955 	 638.055556 	 -0.198126
0.063000 	 638.055556 	 -0.196125
0.063045 	 638.055556 	 -0.197312
0.063090 	 638.055556 	 -0.201906
0.063135 	 638.055556 	 -0.209848
0.063180 	 638.055556 	 -0.220603
0.063225 	 638.055556 	 -0.233119
0.063270 	 638.055556 	 -0.245961
0.063315 	 638.055556 	 -0.257581
0.063360 	 638.055556 	 -0.266602
0.063405 	 638.055556 	 -0.272019
0.063450 	 638.055556 	 -0.273260
0.063495 	 638.055556 	 -0.270113
0.063540 	 638.055556 	 -0.262595
0.063585 	 638.055556 	 -0.250872
0.063630 	 638.055556 	 -0.235296
0.063675 	 638.055556 	 -0.216586
0.063720 	 638.055556 	 -0.196064
0.063765 	 638.055556 	 -0.175822
0.063810 	 638.055556 	 -0.158678
0.063855 	 638.055556 	 -0.147827
0.063900 	 638.055556 	 -0.146220
0.063945 	 638.055556 	 -0.155802
0.063990 	 638.055556 	 -0.176843
0.064035 	 638.055556 	 -0.207593
0.064080 	 638.055556 	 -0.244439
0.064125 	 638.055556 	 -0.282566
0.064170 	 638.055556 	 -0.317008
0.064215 	 638.055556 	 -0.343769
0.064260 	 638.055556 	 -0.360725
0.064305 	 638.055556 	 -0.368006
0.064350 	 638.055556 	 -0.367743
0.064395 	 638.055556 	 -0.363245
0.064440 	 638.055556 	 -0.357870
0.064485 	 638.055556 	 -0.353923
0.064530 	 638.055556 	 -0.351947
0.064575 	 638.055556 	 -0.350614
0.064620 	 638.055556 	 -0.347262
0.064665 	 638.055556 	 -0.338881
0.064710 	 638.055556 	 -0.323247
0.064755 	 638.055556 	 -0.299824
0.064800 	 638.055556 	 -0.270166
0.064845 	 638.055556 	 -0.237684
0.064890 	 638.055556 	 -0.206871
0.064935 	 638.055556 	 -0.182226
0.064980 	 638.055556 	 -0.167198
0.065025 	 638.055556 	 -0.163460
0.065070 	 638.055556 	 -0.170675
0.065115 	 638.055556 	 -0.186779
0.065160 	 638.055556 	 -0.208625
0.065205 	 638.055556 	 -0.232757
0.065250 	 638.055556 	 -0.256066
0.065295 	 638.055556 	 -0.276177
0.065340 	 638.055556 	 -0.291521
0.065385 	 638.055556 	 -0.301191
0.065430 	 638.055556 	 -0.304720
0.065475 	 638.055556 	 -0.301952
0.065520 	 638.055556 	 -0.293079
0.065565 	 638.055556 	 -0.278840
0.065610 	 638.055556 	 -0.260762
0.065655 	 638.055556 	 -0.241293
0.065700 	 638.055556 	 -0.223690
0.065745 	 638.055556 	 -0.211598
0.065790 	 638.055556 	 -0.208391
0.065835 	 638.055556 	 -0.216417
0.065880 	 638.055556 	 -0.236355
0.065925 	 638.055556 	 -0.266891
0.065970 	 638.055556 	 -0.304792
0.066015 	 638.055556 	 -0.345411
0.066060 	 638.055556 	 -0.383477
0.066105 	 638.055556 	 -0.413998
0.066150 	 638.055556 	 -0.433073
0.066195 	 638.055556 	 -0.438461
0.066240 	 638.055556 	 -0.429821
0.066285 	 638.055556 	 -0.408655
0.066330 	 638.055556 	 -0.377996
0.066375 	 638.055556 	 -0.341946
0.066420 	 638.055556 	 -0.305152
0.066465 	 638.055556 	 -0.272253
0.066510 	 638.055556 	 -0.247335
0.066555 	 638.055556 	 -0.233416
0.066600 	 638.055556 	 -0.231998
0.066645 	 638.055556 	 -0.242759
0.066690 	 638.055556 	 -0.263485
0.066735 	 638.055556 	 -0.290312
0.066780 	 638.055556 	 -0.318309
0.066825 	 638.055556 	 -0.342342
0.066870 	 638.055556 	 -0.358065
0.066915 	 638.055556 	 -0.362807
0.066960 	 638.055556 	 -0.356148
0.067005 	 638.055556 	 -0.339986
0.067050 	 638.055556 	 -0.318082
0.067095 	 638.055556 	 -0.295156
0.067140 	 638.055556 	 -0.275777
0.067185 	 638.055556 	 -0.263338
0.067230 	 638.055556 	 -0.259384
0.067275 	 638.055556 	 -0.263462
0.067320 	 638.055556 	 -0.273497
0.067365 	 638.055556 	 -0.286550
0.067410 	 638.055556 	 -0.299701
0.067455 	 638.055556 	 -0.310782
0.067500 	 638.055556 	 -0.318752
0.067545 	 638.055556 	 -0.323644
0.067590 	 638.055556 	 -0.326159
0.067635 	 638.055556 	 -0.327107
0.067680 	 638.055556 	 -0.326923
0.067725 	 638.055556 	 -0.325445
0.067770 	 638.055556 	 -0.322049
0.067815 	 638.055556 	 -0.316060
0.067860 	 638.055556 	 -0.307285
0.067905 	 638.055556 	 -0.296436
0.067950 	 638.055556 	 -0.285267
0.067995 	 638.055556 	 -0.276338
0.068040 	 638.055556 	 -0.272439
0.068085 	 638.055556 	 -0.275856
0.068130 	 638.055556 	 -0.287683
0.068175 	 638.055556 	 -0.307403
0.068220 	 638.055556 	 -0.332848
0.068265 	 638.055556 	 -0.360560
0.068310 	 638.055556 	 -0.386443
0.068355 	 638.055556 	 -0.406531
0.068400 	 638.055556 	 -0.417677
0.068445 	 638.055556 	 -0.418032
0.068490 	 638.055556 	 -0.407243
0.068535 	 638.055556 	 -0.386391
0.068580 	 638.055556 	 -0.357743
0.068625 	 638.055556 	 -0.324401
0.068670 	 638.055556 	 -0.289928
0.068715 	 638.055556 	 -0.257972
0.068760 	 638.055556 	 -0.231905
0.068805 	 638.055556 	 -0.214457
0.068850 	 638.055556 	 -0.207372
0.068895 	 638.055556 	 -0.211138
0.068940 	 638.055556 	 -0.224854
0.068985 	 638.055556 	 -0.246321
0.069030 	 638.055556 	 -0.272385
0.069075 	 638.055556 	 -0.299493
0.069120 	 638.055556 	 -0.324363
0.069165 	 638.055556 	 -0.344590
0.069210 	 638.055556 	 -0.359034
0.069255 	 638.055556 	 -0.367873
0.069300 	 638.055556 	 -0.372313
0.069345 	 638.055556 	 -0.374046
0.069390 	 638.055556 	 -0.374645
0.069435 	 638.055556 	 -0.375088
0.069480 	 638.055556 	 -0.375571
0.069525 	 638.055556 	 -0.375661
0.069570 	 638.055556 	 -0.374695
0.069615 	 638.055556 	 -0.372270
0.069660 	 638.055556 	 -0.368600
0.069705 	 638.055556 	 -0.364579
0.069750 	 638.055556 	 -0.361497
0.069795 	 638.055556 	 -0.360512
0.069840 	 638.055556 	 -0.362064
0.069885 	 638.055556 	 -0.365477
0.069930 	 638.055556 	 -0.368946
0.069975 	 638.055556 	 -0.369957
0.070020 	 638.055556 	 -0.366059
0.070065 	 638.055556 	 -0.355726
0.070110 	 638.055556 	 -0.339044
0.070155 	 638.055556 	 -0.317940
0.070200 	 638.055556 	 -0.295867
0.070245 	 638.055556 	 -0.276990
0.070290 	 638.055556 	 -0.265121
0.070335 	 638.055556 	 -0.262720
0.070380 	 638.055556 	 -0.270271
0.070425 	 638.055556 	 -0.286215
0.070470 	 638.055556 	 -0.307433
0.070515 	 638.055556 	 -0.330111
0.070560 	 638.055556 	 -0.350665
0.070605 	 638.055556 	 -0.366455
0.070650 	 638.055556 	 -0.376077
0.070695 	 638.055556 	 -0.379216
0.070740 	 638.055556 	 -0.376202
0.070785 	 638.055556 	 -0.367530
0.070830 	 638.055556 	 -0.353590
0.070875 	 638.055556 	 -0.334759
0.070920 	 638.055556 	 -0.311824
0.070965 	 638.055556 	 -0.286531
0.071010 	 638.055556 	 -0.261967
0.071055 	 638.055556 	 -0.242486
0.071100 	 638.055556 	 -0.233036
0.071145 	 638.055556 	 -0.237972
0.071190 	 638.055556 	 -0.259653
0.071235 	 638.055556 	 -0.297257
0.071280 	 638.055556 	 -0.346274
0.071325 	 638.055556 	 -0.398944
0.071370 	 638.055556 	 -0.445663
0.071415 	 638.055556 	 -0.477070
0.071460 	 638.055556 	 -0.486296
0.071505 	 638.055556 	 -0.470768
0.071550 	 638.055556 	 -0.433055
0.071595 	 638.055556 	 -0.380494
0.071640 	 638.055556 	 -0.323635
0.071685 	 638.055556 	 -0.273908
0.071730 	 638.055556 	 -0.241072
0.071775 	 638.055556 	 -0.231106
0.071820 	 638.055556 	 -0.245029
0.071865 	 638.055556 	 -0.278915
0.071910 	 638.055556 	 -0.325015
0.071955 	 638.055556 	 -0.373648
0.072000 	 638.055556 	 -0.415356
0.072045 	 638.055556 	 -0.442805
0.072090 	 638.055556 	 -0.452048
0.072135 	 638.055556 	 -0.442953
0.072180 	 638.055556 	 -0.418836
0.072225 	 638.055556 	 -0.385478
0.072270 	 638.055556 	 -0.349816
0.072315 	 638.055556 	 -0.318591
0.072360 	 638.055556 	 -0.297195
0.072405 	 638.055556 	 -0.288853
0.072450 	 638.055556 	 -0.294223
0.072495 	 638.055556 	 -0.311415
0.072540 	 638.055556 	 -0.336404
0.072585 	 638.055556 	 -0.363776
0.072630 	 638.055556 	 -0.387702
0.072675 	 638.055556 	 -0.403019
0.072720 	 638.055556 	 -0.406214
0.072765 	 638.055556 	 -0.396148
0.072810 	 638.055556 	 -0.374317
0.072855 	 638.055556 	 -0.344573
0.072900 	 638.055556 	 -0.312332
0.072945 	 638.055556 	 -0.283419
0.072990 	 638.055556 	 -0.262834
0.073035 	 638.055556 	 -0.253742
0.073080 	 638.055556 	 -0.256953
0.073125 	 638.055556 	 -0.271009
0.073170 	 638.055556 	 -0.292844
0.073215 	 638.055556 	 -0.318765
0.073260 	 638.055556 	 -0.345461
0.073305 	 638.055556 	 -0.370707
0.073350 	 638.055556 	 -0.393567
0.073395 	 638.055556 	 -0.414069
0.073440 	 638.055556 	 -0.432534
0.073485 	 638.055556 	 -0.448835
0.073530 	 638.055556 	 -0.461925
0.073575 	 638.055556 	 -0.469841
0.073620 	 638.055556 	 -0.470238
0.073665 	 638.055556 	 -0.461278
0.073710 	 638.055556 	 -0.442572
0.073755 	 638.055556 	 -0.415792
0.073800 	 638.055556 	 -0.384699
0.073845 	 638.055556 	 -0.354485
0.073890 	 638.055556 	 -0.330561
0.073935 	 638.055556 	 -0.317155
0.073980 	 638.055556 	 -0.316118
0.074025 	 638.055556 	 -0.326338
0.074070 	 638.055556 	 -0.343967
0.074115 	 638.055556 	 -0.363419
0.074160 	 638.055556 	 -0.378864
0.074205 	 638.055556 	 -0.385802
0.074250 	 638.055556 	 -0.382251
0.074295 	 638.055556 	 -0.369245
0.074340 	 638.055556 	 -0.350498
0.074385 	 638.055556 	 -0.331363
0.074430 	 638.055556 	 -0.317391
0.074475 	 638.055556 	 -0.312885
0.074520 	 638.055556 	 -0.319837
0.074565 	 638.055556 	 -0.337482
0.074610 	 638.055556 	 -0.362544
0.074655 	 638.055556 	 -0.390062
0.074700 	 638.055556 	 -0.414543
0.074745 	 638.055556 	 -0.431179
0.074790 	 638.055556 	 -0.436844
0.074835 	 638.055556 	 -0.430711
0.074880 	 638.055556 	 -0.414410
0.074925 	 638.055556 	 -0.391713
0.074970 	 638.055556 	 -0.367841
0.075015 	 638.055556 	 -0.348490
0.075060 	 638.055556 	 -0.338727
0.075105 	 638.055556 	 -0.341918
0.075150 	 638.055556 	 -0.358889
0.075195 	 638.055556 	 -0.387500
0.075240 	 638.055556 	 -0.422784
0.075285 	 638.055556 	 -0.457712
0.075330 	 638.055556 	 -0.484518
0.075375 	 638.055556 	 -0.496338
0.075420 	 638.055556 	 -0.488844
0.075465 	 638.055556 	 -0.461446
0.075510 	 638.055556 	 -0.417724
0.075555 	 638.055556 	 -0.364911
0.075600 	 638.055556 	 -0.312459
0.075645 	 638.055556 	 -0.270014
0.075690 	 638.055556 	 -0.245273
0.075735 	 638.055556 	 -0.242287
0.075780 	 638.055556 	 -0.260659
0.075825 	 638.055556 	 -0.295853
0.075870 	 638.055556 	 -0.340509
0.075915 	 638.055556 	 -0.386386
0.075960 	 638.055556 	 -0.426363
0.076005 	 638.055556 	 -0.455954
0.076050 	 638.055556 	 -0.473937
0.076095 	 638.055556 	 -0.482007
0.076140 	 638.055556 	 -0.483645
0.076185 	 638.055556 	 -0.482624
0.076230 	 638.055556 	 -0.481682
0.076275 	 638.055556 	 -0.481743
0.076320 	 638.055556 	 -0.481913
0.076365 	 638.055556 	 -0.480153
0.076410 	 638.055556 	 -0.474339
0.076455 	 638.055556 	 -0.463276
0.076500 	 638.055556 	 -0.447326
0.076545 	 638.055556 	 -0.428438
0.076590 	 638.055556 	 -0.409622
0.076635 	 638.055556 	 -0.394100
0.076680 	 638.055556 	 -0.384464
0.076725 	 638.055556 	 -0.382130
0.076770 	 638.055556 	 -0.387232
0.076815 	 638.055556 	 -0.398904
0.076860 	 638.055556 	 -0.415744
0.076905 	 638.055556 	 -0.436207
0.076950 	 638.055556 	 -0.458710
0.076995 	 638.055556 	 -0.481439
0.077040 	 638.055556 	 -0.501999
0.077085 	 638.055556 	 -0.517174
0.077130 	 638.055556 	 -0.523093
0.077175 	 638.055556 	 -0.515927
0.077220 	 638.055556 	 -0.493033
0.077265 	 638.055556 	 -0.454241
0.077310 	 638.055556 	 -0.402797
0.077355 	 638.055556 	 -0.345528
0.077400 	 638.055556 	 -0.291959
0.077445 	 638.055556 	 -0.252458
0.077490 	 638.055556 	 -0.235793
0.077535 	 638.055556 	 -0.246788
0.077580 	 638.055556 	 -0.284772
0.077625 	 638.055556 	 -0.343354
0.077670 	 638.055556 	 -0.411713
0.077715 	 638.055556 	 -0.477077
0.077760 	 638.055556 	 -0.527771
0.077805 	 638.055556 	 -0.555960
0.077850 	 638.055556 	 -0.559342
0.077895 	 638.055556 	 -0.541334
0.077940 	 638.055556 	 -0.509733
0.077985 	 638.055556 	 -0.474324
0.078030 	 638.055556 	 -0.444131
0.078075 	 638.055556 	 -0.425160
0.078120 	 638.055556 	 -0.419230
0.078165 	 638.055556 	 -0.424159
0.078210 	 638.055556 	 -0.435107
0.078255 	 638.055556 	 -0.446547
0.078300 	 638.055556 	 -0.454179
0.078345 	 638.055556 	 -0.456161
0.078390 	 638.055556 	 -0.453337
0.078435 	 638.055556 	 -0.448485
0.078480 	 638.055556 	 -0.444941
0.078525 	 638.055556 	 -0.445127
0.078570 	 638.055556 	 -0.449522
0.078615 	 638.055556 	 -0.456407
0.078660 	 638.055556 	 -0.462428
0.078705 	 638.055556 	 -0.463746
0.078750 	 638.055556 	 -0.457366
0.078795 	 638.055556 	 -0.442201
0.078840 	 638.055556 	 -0.419560
0.078885 	 638.055556 	 -0.392950
0.078930 	 638.055556 	 -0.367318
0.078975 	 638.055556 	 -0.347974
0.079020 	 638.055556 	 -0.339524
0.079065 	 638.055556 	 -0.345024
0.079110 	 638.055556 	 -0.365491
0.079155 	 638.055556 	 -0.399759
0.079200 	 638.055556 	 -0.444603
0.079245 	 638.055556 	 -0.495048
0.079290 	 638.055556 	 -0.544849
0.079335 	 638.055556 	 -0.587141
0.079380 	 638.055556 	 -0.615327
0.079425 	 638.055556 	 -0.624160
0.079470 	 638.055556 	 -0.610892
0.079515 	 638.055556 	 -0.576245
0.079560 	 638.055556 	 -0.524859
0.079605 	 638.055556 	 -0.464938
0.079650 	 638.055556 	 -0.406984
0.079695 	 638.055556 	 -0.361752
0.079740 	 638.055556 	 -0.337856
0.079785 	 638.055556 	 -0.339640
0.079830 	 638.055556 	 -0.365945
0.079875 	 638.055556 	 -0.410212
0.079920 	 638.055556 	 -0.462008
0.079965 	 638.055556 	 -0.509612
0.080010 	 638.055556 	 -0.542997
0.080055 	 638.055556 	 -0.556346
0.080100 	 638.055556 	 -0.549384
0.080145 	 638.055556 	 -0.527136
0.080190 	 638.055556 	 -0.498191
0.080235 	 638.055556 	 -0.472020
0.080280 	 638.055556 	 -0.456171
0.080325 	 638.055556 	 -0.454212
0.080370 	 638.055556 	 -0.465035
0.080415 	 638.055556 	 -0.483683
0.080460 	 638.055556 	 -0.503354
0.080505 	 638.055556 	 -0.517867
0.080550 	 638.055556 	 -0.523719
0.080595 	 638.055556 	 -0.521063
0.080640 	 638.055556 	 -0.513282
0.080685 	 638.055556 	 -0.505376
0.080730 	 638.055556 	 -0.501765
0.080775 	 638.055556 	 -0.504328
0.080820 	 638.055556 	 -0.511420
0.080865 	 638.055556 	 -0.518263
0.080910 	 638.055556 	 -0.518613
0.080955 	 638.055556 	 -0.507163
0.081000 	 638.055556 	 -0.481853
0.081045 	 638.055556 	 -0.445263
0.081090 	 638.055556 	 -0.404549
0.081135 	 638.055556 	 -0.369846
0.081180 	 638.055556 	 -0.351557
0.081225 	 638.055556 	 -0.357316
0.081270 	 638.055556 	 -0.389539
0.081315 	 638.055556 	 -0.444322
0.081360 	 638.055556 	 -0.512038
0.081405 	 638.055556 	 -0.579480
0.081450 	 638.055556 	 -0.632983
0.081495 	 638.055556 	 -0.661655
0.081540 	 638.055556 	 -0.659893
0.081585 	 638.055556 	 -0.628571
0.081630 	 638.055556 	 -0.574667
0.081675 	 638.055556 	 -0.509519
0.081720 	 638.055556 	 -0.446192
0.081765 	 638.055556 	 -0.396646
0.081810 	 638.055556 	 -0.369337
0.081855 	 638.055556 	 -0.367745
0.081900 	 638.055556 	 -0.390036
0.081945 	 638.055556 	 -0.429817
0.081990 	 638.055556 	 -0.477710
0.082035 	 638.055556 	 -0.523364
0.082080 	 638.055556 	 -0.557484
0.082125 	 638.055556 	 -0.573519
0.082170 	 638.055556 	 -0.568749
0.082215 	 638.055556 	 -0.544612
0.082260 	 638.055556 	 -0.506262
0.082305 	 638.055556 	 -0.461439
0.082350 	 638.055556 	 -0.418890
0.082395 	 638.055556 	 -0.386628
0.082440 	 638.055556 	 -0.370405
0.082485 	 638.055556 	 -0.372712
0.082530 	 638.055556 	 -0.392532
0.082575 	 638.055556 	 -0.425871
0.082620 	 638.055556 	 -0.466916
0.082665 	 638.055556 	 -0.509458
0.082710 	 638.055556 	 -0.548196
0.082755 	 638.055556 	 -0.579544
0.082800 	 638.055556 	 -0.601791
0.082845 	 638.055556 	 -0.614640
0.082890 	 638.055556 	 -0.618436
0.082935 	 638.055556 	 -0.613463
0.082980 	 638.055556 	 -0.599666
0.083025 	 638.055556 	 -0.576979
0.083070 	 638.055556 	 -0.546135
0.083115 	 638.055556 	 -0.509607
0.083160 	 638.055556 	 -0.472152
0.083205 	 638.055556 	 -0.440541
0.083250 	 638.055556 	 -0.422283
0.083295 	 638.055556 	 -0.423566
0.083340 	 638.055556 	 -0.446999
0.083385 	 638.055556 	 -0.489943
0.083430 	 638.055556 	 -0.544180
0.083475 	 638.055556 	 -0.597298
0.083520 	 638.055556 	 -0.635630
0.083565 	 638.055556 	 -0.648021
0.083610 	 638.055556 	 -0.629335
0.083655 	 638.055556 	 -0.582546
0.083700 	 638.055556 	 -0.518604
0.083745 	 638.055556 	 -0.453899
0.083790 	 638.055556 	 -0.405888
0.083835 	 638.055556 	 -0.388121
0.083880 	 638.055556 	 -0.406133
0.083925 	 638.055556 	 -0.455566
0.083970 	 638.055556 	 -0.523178
0.084015 	 638.055556 	 -0.590545
0.084060 	 638.055556 	 -0.639378
0.084105 	 638.055556 	 -0.656850
0.084150 	 638.055556 	 -0.639304
0.084195 	 638.055556 	 -0.593191
0.084240 	 638.055556 	 -0.532959
0.084285 	 638.055556 	 -0.476553
0.084330 	 638.055556 	 -0.439929
0.084375 	 638.055556 	 -0.432326
0.084420 	 638.055556 	 -0.453754
0.084465 	 638.055556 	 -0.495450
0.084510 	 638.055556 	 -0.543060
0.084555 	 638.055556 	 -0.581429
0.084600 	 638.055556 	 -0.599390
0.084645 	 638.055556 	 -0.593014
0.084690 	 638.055556 	 -0.566349
0.084735 	 638.055556 	 -0.529534
0.084780 	 638.055556 	 -0.495068
0.084825 	 638.055556 	 -0.473570
0.084870 	 638.055556 	 -0.470498
0.084915 	 638.055556 	 -0.484875
0.084960 	 638.055556 	 -0.510339
0.085005 	 638.055556 	 -0.537968
0.085050 	 638.055556 	 -0.559750
0.085095 	 638.055556 	 -0.571372
0.085140 	 638.055556 	 -0.573335
0.085185 	 638.055556 	 -0.570064
0.085230 	 638.055556 	 -0.567461
0.085275 	 638.055556 	 -0.569941
0.085320 	 638.055556 	 -0.578171
0.085365 	 638.055556 	 -0.588467
0.085410 	 638.055556 	 -0.594152
0.085455 	 638.055556 	 -0.588387
0.085500 	 638.055556 	 -0.567405
0.085545 	 637.898135 	 -0.532857
0.085590 	 637.426027 	 -0.492246
0.085635 	 636.639699 	 -0.457124
0.085680 	 635.539926 	 -0.439499
0.085725 	 634.127794 	 -0.447661
0.085770 	 632.404697 	 -0.482860
0.085815 	 630.372334 	 -0.538114
0.085860 	 628.032711 	 -0.599691
0.085905 	 625.388138 	 -0.650934
0.085950 	 622.441225 	 -0.677251
0.085995 	 619.194879 	 -0.670675
0.086040 	 615.652304 	 -0.632509
0.086085 	 611.816997 	 -0.573153
0.086130 	 607.692742 	 -0.509116
0.086175 	 603.283609 	 -0.458135
0.086220 	 598.593951 	 -0.433916
0.086265 	 593.628394 	 -0.442167
0.086310 	 588.391840 	 -0.479142
0.086355 	 582.889455 	 -0.533102
0.086400 	 577.126672 	 -0.588146
0.086445 	 571.109175 	 -0.629124
0.086490 	 564.842905 	 -0.646043
0.086535 	 558.334045 	 -0.636637
0.086580 	 551.589019 	 -0.606410
0.086625 	 544.614483 	 -0.566315
0.086670 	 537.417320 	 -0.528960
0.086715 	 530.004633 	 -0.504650
0.086760 	 522.383737 	 -0.498539
0.086805 	 514.562153 	 -0.509693
0.086850 	 506.547601 	 -0.532195
0.086895 	 498.347989 	 -0.557705
0.086940 	 489.971409 	 -0.578466
0.086985 	 481.426129 	 -0.589715
0.087030 	 472.720582 	 -0.590724
0.087075 	 463.863358 	 -0.584313
0.087120 	 454.863199 	 -0.575172
0.087165 	 445.728987 	 -0.567770
0.087210 	 436.469736 	 -0.564659
0.087255 	 427.094584 	 -0.565790
0.087300 	 417.612783 	 -0.568975
0.087345 	 408.033690 	 -0.571219
0.087390 	 398.366760 	 -0.570270
0.087435 	 388.621531 	 -0.565749
0.087480 	 378.807622 	 -0.559381
0.087525 	 368.934718 	 -0.554266
0.087570 	 359.012561 	 -0.553510
0.087615 	 349.050944 	 -0.558807
0.087660 	 339.059698 	 -0.569551
0.087705 	 329.048682 	 -0.582871
0.087750 	 319.027778 	 -0.594599
0.087795 	 309.006873 	 -0.600792
0.087840 	 298.995858 	 -0.599246
0.087885 	 289.004612 	 -0.590387
0.087930 	 279.042995 	 -0.577213
0.087975 	 269.120838 	 -0.564271
0.088020 	 259.247933 	 -0.556047
0.088065 	 249.434024 	 -0.555361
0.088110 	 239.688796 	 -0.562364
0.088155 	 230.021865 	 -0.574494
0.088200 	 220.442773 	 -0.587418
0.088245 	 210.960972 	 -0.596603
0.088290 	 201.585820 	 -0.598946
0.088335 	 192.326569 	 -0.593860
0.088380 	 183.192357 	 -0.583455
0.088425 	 174.192198 	 -0.571737
0.088470 	 165.334974 	 -0.563155
0.088515 	 156.629426 	 -0.561018
0.088560 	 148.084146 	 -0.566347
0.088605 	 139.707567 	 -0.577571
0.088650 	 131.507955 	 -0.591138
0.088695 	 123.493402 	 -0.602794
0.088740 	 115.671819 	 -0.609067
0.088785 	 108.050923 	 -0.608404
0.088830 	 100.638236 	 -0.601594
0.088875 	 93.441073 	 -0.591368
0.088920 	 86.466537 	 -0.581357
0.088965 	 79.721510 	 -0.574809
0.089010 	 73.212650 	 -0.573545
0.089055 	 66.946380 	 -0.577486
0.089100 	 60.928884 	 -0.584879
0.089145 	 55.166100 	 -0.593079
0.089190 	 49.663716 	 -0.599557
0.089235 	 44.427162 	 -0.602749
0.089280 	 39.461605 	 -0.602460
0.089325 	 34.771946 	 -0.599720
0.089370 	 30.362814 	 -0.596215
0.089415 	 26.238559 	 -0.593562
0.089460 	 22.403252 	 -0.592710
0.089505 	 18.860677 	 -0.593702
0.089550 	 15.614331 	 -0.595835
0.089595 	 12.667417 	 -0.598104
0.089640 	 10.022844 	 -0.599707
0.089685 	 7.683222 	 -0.600379
0.089730 	 5.650859 	 -0.600431
0.089775 	 3.927761 	 -0.600498
0.089820 	 2.515629 	 -0.601147
0.089865 	 1.415857 	 -0.602531
0.089910 	 0.629528 	 -0.604290
0.089955 	 0.157421 	 -0.605712
0.090000 	 0.000000 	 0.000000
