0.000045 	 0.000000 	 0.000000
0.000090 	 0.125238 	 0.584251
0.000135 	 0.500827 	 0.592817
0.000180 	 1.126398 	 0.605567
0.000225 	 2.001333 	 0.617508
0.000270 	 3.124768 	 0.623877
0.000315 	 4.495594 	 0.621916
0.000360 	 6.112460 	 0.611931
0.000405 	 7.973768 	 0.597239
0.000450 	 10.077683 	 0.582998
0.000495 	 12.422128 	 0.574340
0.000540 	 15.004789 	 0.574474
0.000585 	 17.823118 	 0.583462
0.000630 	 20.874333 	 0.598110
0.000675 	 24.155423 	 0.613061
0.000720 	 27.663150 	 0.622700
0.000765 	 31.394052 	 0.623201
0.000810 	 35.344447 	 0.613974
0.000855 	 39.510437 	 0.597958
0.000900 	 43.887911 	 0.580630
0.000945 	 48.472548 	 0.568064
0.000990 	 53.259824 	 0.564707
0.001035 	 58.245014 	 0.571689
0.001080 	 63.423199 	 0.586304
0.001125 	 68.789268 	 0.602867
0.001170 	 74.337926 	 0.614715
0.001215 	 80.063697 	 0.616647
0.001260 	 85.960930 	 0.606939
0.001305 	 92.023806 	 0.588191
0.001350 	 98.246340 	 0.566633
0.001395 	 104.622393 	 0.550081
0.001440 	 111.145672 	 0.545196
0.001485 	 117.809738 	 0.554987
0.001530 	 124.608016 	 0.577453
0.001575 	 131.533797 	 0.605889
0.001620 	 138.580245 	 0.630840
0.001665 	 145.740406 	 0.643128
0.001710 	 153.007215 	 0.636977
0.001755 	 160.373499 	 0.612197
0.001800 	 167.831990 	 0.574646
0.001845 	 175.375326 	 0.534756
0.001890 	 182.996063 	 0.504508
0.001935 	 190.686681 	 0.493778
0.001980 	 198.439589 	 0.507172
0.002025 	 206.247137 	 0.542354
0.002070 	 214.101619 	 0.590407
0.002115 	 221.995285 	 0.638165
0.002160 	 229.920343 	 0.671867
0.002205 	 237.868973 	 0.681068
0.002250 	 245.833330 	 0.661689
0.002295 	 253.805556 	 0.617319
0.002340 	 261.777781 	 0.558408
0.002385 	 269.742138 	 0.499600
0.002430 	 277.690768 	 0.455956
0.002475 	 285.615827 	 0.439087
0.002520 	 293.509492 	 0.454198
0.002565 	 301.363974 	 0.498759
0.002610 	 309.171522 	 0.563064
0.002655 	 316.924431 	 0.632490
0.002700 	 324.615048 	 0.690871
0.002745 	 332.235785 	 0.724199
0.002790 	 339.779122 	 0.723806
0.002835 	 347.237612 	 0.688371
0.002880 	 354.603897 	 0.624340
0.002925 	 361.870705 	 0.544675
0.002970 	 369.030867 	 0.466218
0.003015 	 376.077314 	 0.406155
0.003060 	 383.003095 	 0.378296
0.003105 	 389.801373 	 0.389918
0.003150 	 396.465440 	 0.439846
0.003195 	 402.988718 	 0.518291
0.003240 	 409.364771 	 0.608612
0.003285 	 415.587305 	 0.690793
0.003330 	 421.650181 	 0.745978
0.003375 	 427.547414 	 0.761066
0.003420 	 433.273185 	 0.732197
0.003465 	 438.821843 	 0.666147
0.003510 	 444.187912 	 0.579059
0.003555 	 449.366097 	 0.492663
0.003600 	 454.351287 	 0.428827
0.003645 	 459.138563 	 0.403835
0.003690 	 463.723200 	 0.423948
0.003735 	 468.100674 	 0.483561
0.003780 	 472.266664 	 0.566572
0.003825 	 476.217059 	 0.650743
0.003870 	 479.947961 	 0.713881
0.003915 	 483.455688 	 0.740095
0.003960 	 486.736778 	 0.724257
0.004005 	 489.787993 	 0.673263
0.004050 	 492.606322 	 0.603671
0.004095 	 495.188983 	 0.536411
0.004140 	 497.533428 	 0.490228
0.004185 	 499.637343 	 0.475920
0.004230 	 501.498651 	 0.493233
0.004275 	 503.115517 	 0.531400
0.004320 	 504.486344 	 0.573164
0.004365 	 505.609778 	 0.600969
0.004410 	 506.484713 	 0.603245
0.004455 	 507.110284 	 0.578629
0.004500 	 507.485873 	 0.536615
0.004545 	 507.611111 	 0.494327
0.004590 	 507.611111 	 0.470446
0.004635 	 507.611111 	 0.478350
0.004680 	 507.611111 	 0.520827
0.004725 	 507.611111 	 0.588275
0.004770 	 507.611111 	 0.661147
0.004815 	 507.611111 	 0.715994
0.004860 	 507.611111 	 0.733196
0.004905 	 507.611111 	 0.703780
0.004950 	 507.611111 	 0.632937
0.004995 	 507.611111 	 0.538898
0.005040 	 507.611111 	 0.447382
0.005085 	 507.611111 	 0.383383
0.005130 	 507.611111 	 0.362988
0.005175 	 507.611111 	 0.387992
0.005220 	 507.611111 	 0.445180
0.005265 	 507.611111 	 0.510658
0.005310 	 507.611111 	 0.557927
0.005355 	 507.611111 	 0.567070
0.005400 	 507.611111 	 0.531982
0.005445 	 507.611111 	 0.463056
0.005490 	 507.611111 	 0.384291
0.005535 	 507.611111 	 0.325593
0.005580 	 507.611111 	 0.312762
0.005625 	 507.611111 	 0.358411
0.005670 	 507.611111 	 0.456865
0.005715 	 507.611111 	 0.584807
0.005760 	 507.611111 	 0.707672
0.005805 	 507.611111 	 0.789914
0.005850 	 507.611111 	 0.805945
0.005895 	 507.611111 	 0.748264
0.005940 	 507.611111 	 0.630091
0.005985 	 507.611111 	 0.481623
0.006030 	 507.611111 	 0.341099
0.006075 	 507.611111 	 0.243553
0.006120 	 507.611111 	 0.210776
0.006165 	 507.611111 	 0.245566
0.006210 	 507.611111 	 0.331890
0.006255 	 507.611111 	 0.440730
0.006300 	 507.611111 	 0.539623
0.006345 	 507.611111 	 0.602761
0.006390 	 507.611111 	 0.618444
0.006435 	 507.611111 	 0.591575
0.006480 	 507.611111 	 0.540632
0.006525 	 507.611111 	 0.490377
0.006570 	 507.611111 	 0.462954
0.006615 	 507.611111 	 0.470404
0.006660 	 507.611111 	 0.511025
0.006705 	 507.611111 	 0.570593
0.006750 	 507.611111 	 0.627825
0.006795 	 507.611111 	 0.662055
0.006840 	 507.611111 	 0.660439
0.006885 	 507.611111 	 0.622219
0.006930 	 507.611111 	 0.558715
0.006975 	 507.611111 	 0.489194
0.007020 	 507.611111 	 0.434221
0.007065 	 507.611111 	 0.408883
0.007110 	 507.611111 	 0.418185
0.007155 	 507.611111 	 0.456096
0.007200 	 507.611111 	 0.508366
0.007245 	 507.611111 	 0.557948
0.007290 	 507.611111 	 0.591002
0.007335 	 507.611111 	 0.601312
0.007380 	 507.611111 	 0.591615
0.007425 	 507.611111 	 0.571514
0.007470 	 507.611111 	 0.552901
0.007515 	 507.611111 	 0.544740
0.007560 	 507.611111 	 0.549215
0.007605 	 507.611111 	 0.560738
0.007650 	 507.611111 	 0.568202
0.007695 	 507.611111 	 0.559661
0.007740 	 507.611111 	 0.527683
0.007785 	 507.611111 	 0.473325
0.007830 	 507.611111 	 0.407123
0.007875 	 507.611111 	 0.346560
0.007920 	 507.611111 	 0.310708
0.007965 	 507.611111 	 0.313823
0.008010 	 507.611111 	 0.360058
0.008055 	 507.611111 	 0.441149
0.008100 	 507.611111 	 0.538009
0.008145 	 507.611111 	 0.625847
0.008190 	 507.611111 	 0.681316
0.008235 	 507.611111 	 0.689436
0.008280 	 507.611111 	 0.648107
0.008325 	 507.611111 	 0.568742
0.008370 	 507.611111 	 0.472850
0.008415 	 507.611111 	 0.385664
0.008460 	 507.611111 	 0.328835
0.008505 	 507.611111 	 0.314457
0.008550 	 507.611111 	 0.342150
0.008595 	 507.611111 	 0.399958
0.008640 	 507.611111 	 0.468593
0.008685 	 507.611111 	 0.527591
0.008730 	 507.611111 	 0.561391
0.008775 	 507.611111 	 0.563514
0.008820 	 507.611111 	 0.537677
0.008865 	 507.611111 	 0.495731
0.008910 	 507.611111 	 0.453319
0.008955 	 507.611111 	 0.424774
0.009000 	 507.611111 	 0.418889
0.009045 	 507.611111 	 0.436770
0.009090 	 507.611111 	 0.472199
0.009135 	 507.611111 	 0.514139
0.009180 	 507.611111 	 0.550380
0.009225 	 507.611111 	 0.571096
0.009270 	 507.611111 	 0.571258
0.009315 	 507.611111 	 0.551359
0.009360 	 507.611111 	 0.516503
0.009405 	 507.611111 	 0.474432
0.009450 	 507.611111 	 0.433277
0.009495 	 507.611111 	 0.399774
0.009540 	 507.611111 	 0.378318
0.009585 	 507.611111 	 0.370878
0.009630 	 507.611111 	 0.377433
0.009675 	 507.611111 	 0.396513
0.009720 	 507.611111 	 0.425502
0.009765 	 507.611111 	 0.460647
0.009810 	 507.611111 	 0.496947
0.009855 	 507.611111 	 0.528292
0.009900 	 507.611111 	 0.548146
0.009945 	 507.611111 	 0.550854
0.009990 	 507.611111 	 0.533312
0.010035 	 507.611111 	 0.496468
0.010080 	 507.611111 	 0.446027
0.010125 	 507.611111 	 0.391881
0.010170 	 507.611111 	 0.346169
0.010215 	 507.611111 	 0.320352
0.010260 	 507.611111 	 0.322074
0.010305 	 507.611111 	 0.352776
0.010350 	 507.611111 	 0.406854
0.010395 	 507.611111 	 0.472772
0.010440 	 507.611111 	 0.535903
0.010485 	 507.611111 	 0.582368
0.010530 	 507.611111 	 0.602732
0.010575 	 507.611111 	 0.594461
0.010620 	 507.611111 	 0.562364
0.010665 	 507.611111 	 0.516896
0.010710 	 507.611111 	 0.470846
0.010755 	 507.611111 	 0.435467
0.010800 	 507.611111 	 0.417258
0.010845 	 507.611111 	 0.416374
0.010890 	 507.611111 	 0.427138
0.010935 	 507.611111 	 0.440403
0.010980 	 507.611111 	 0.446976
0.011025 	 507.611111 	 0.440941
0.011070 	 507.611111 	 0.421793
0.011115 	 507.611111 	 0.394697
0.011160 	 507.611111 	 0.368805
0.011205 	 507.611111 	 0.354216
0.011250 	 507.611111 	 0.358604
0.011295 	 507.611111 	 0.384599
0.011340 	 507.611111 	 0.428778
0.011385 	 507.611111 	 0.482554
0.011430 	 507.611111 	 0.534656
0.011475 	 507.611111 	 0.574369
0.011520 	 507.611111 	 0.594508
0.011565 	 507.611111 	 0.593175
0.011610 	 507.611111 	 0.573809
0.011655 	 507.611111 	 0.543607
0.011700 	 507.611111 	 0.510917
0.011745 	 507.611111 	 0.482539
0.011790 	 507.611111 	 0.461849
0.011835 	 507.611111 	 0.448341
0.011880 	 507.611111 	 0.438672
0.011925 	 507.611111 	 0.428757
0.011970 	 507.611111 	 0.416104
0.012015 	 507.611111 	 0.401464
0.012060 	 507.611111 	 0.389134
0.012105 	 507.611111 	 0.385706
0.012150 	 507.611111 	 0.397608
0.012195 	 507.611111 	 0.428261
0.012240 	 507.611111 	 0.475838
0.012285 	 507.611111 	 0.532499
0.012330 	 507.611111 	 0.585546
0.012375 	 507.611111 	 0.620349
0.012420 	 507.611111 	 0.624307
0.012465 	 507.611111 	 0.590717
0.012510 	 507.611111 	 0.521382
0.012555 	 507.611111 	 0.427066
0.012600 	 507.611111 	 0.325523
0.012645 	 507.611111 	 0.237506
0.012690 	 507.611111 	 0.181767
0.012735 	 507.611111 	 0.170382
0.012780 	 507.611111 	 0.205639
0.012825 	 507.611111 	 0.279350
0.012870 	 507.611111 	 0.374795
0.012915 	 507.611111 	 0.470817
0.012960 	 507.611111 	 0.546982
0.013005 	 507.611111 	 0.588463
0.013050 	 507.611111 	 0.589367
0.013095 	 507.611111 	 0.553638
0.013140 	 507.611111 	 0.493410
0.013185 	 507.611111 	 0.425325
0.013230 	 507.611111 	 0.365944
0.013275 	 507.611111 	 0.327525
0.013320 	 507.611111 	 0.315320
0.013365 	 507.611111 	 0.327036
0.013410 	 507.611111 	 0.354478
0.013455 	 507.611111 	 0.386765
0.013500 	 507.611111 	 0.414068
0.013545 	 507.611111 	 0.430723
0.013590 	 507.611111 	 0.436767
0.013635 	 507.611111 	 0.437479
0.013680 	 507.611111 	 0.441103
0.013725 	 507.611111 	 0.455534
0.013770 	 507.611111 	 0.485036
0.013815 	 507.611111 	 0.528073
0.013860 	 507.611111 	 0.576996
0.013905 	 507.611111 	 0.619770
0.013950 	 507.611111 	 0.643306
0.013995 	 507.611111 	 0.637446
0.014040 	 507.611111 	 0.598433
0.014085 	 507.611111 	 0.530763
0.014130 	 507.611111 	 0.446788
0.014175 	 507.611111 	 0.364060
0.014220 	 507.611111 	 0.301047
0.014265 	 507.611111 	 0.272354
0.014310 	 507.611111 	 0.284725
0.014355 	 507.611111 	 0.334911
0.014400 	 507.611111 	 0.410042
0.014445 	 507.611111 	 0.490478
0.014490 	 507.611111 	 0.554464
0.014535 	 507.611111 	 0.583463
0.014580 	 507.611111 	 0.566808
0.014625 	 507.611111 	 0.504492
0.014670 	 507.611111 	 0.407379
0.014715 	 507.611111 	 0.294770
0.014760 	 507.611111 	 0.189959
0.014805 	 507.611111 	 0.114859
0.014850 	 507.611111 	 0.085023
0.014895 	 507.611111 	 0.106195
0.014940 	 507.611111 	 0.173167
0.014985 	 507.611111 	 0.271150
0.015030 	 507.611111 	 0.379249
0.015075 	 507.611111 	 0.475222
0.015120 	 507.611111 	 0.540369
0.015165 	 507.611111 	 0.563445
0.015210 	 507.611111 	 0.542720
0.015255 	 507.611111 	 0.485803
0.015300 	 507.611111 	 0.407388
0.015345 	 507.611111 	 0.325547
0.015390 	 507.611111 	 0.257537
0.015435 	 507.611111 	 0.216097
0.015480 	 507.611111 	 0.207073
0.015525 	 507.611111 	 0.228800
0.015570 	 507.611111 	 0.273259
0.015615 	 507.611111 	 0.328594
0.015660 	 507.611111 	 0.382282
0.015705 	 507.611111 	 0.424134
0.015750 	 507.611111 	 0.448402
0.015795 	 507.611111 	 0.454542
0.015840 	 507.611111 	 0.446578
0.015885 	 507.611111 	 0.431356
0.015930 	 507.611111 	 0.416284
0.015975 	 507.611111 	 0.407224
0.016020 	 507.611111 	 0.407116
0.016065 	 507.611111 	 0.415638
0.016110 	 507.611111 	 0.429895
0.016155 	 507.611111 	 0.445806
0.016200 	 507.611111 	 0.459667
0.016245 	 507.611111 	 0.469363
0.016290 	 507.611111 	 0.474820
0.016335 	 507.611111 	 0.477585
0.016380 	 507.611111 	 0.479736
0.016425 	 507.611111 	 0.482533
0.016470 	 507.611111 	 0.485349
0.016515 	 507.611111 	 0.485317
0.016560 	 507.611111 	 0.477895
0.016605 	 507.611111 	 0.458248
0.016650 	 507.611111 	 0.423035
0.016695 	 507.611111 	 0.372037
0.016740 	 507.611111 	 0.309061
0.016785 	 507.611111 	 0.241753
0.016830 	 507.611111 	 0.180270
0.016875 	 507.611111 	 0.135118
0.016920 	 507.611111 	 0.114702
0.016965 	 507.611111 	 0.123266
0.017010 	 507.611111 	 0.159770
0.017055 	 507.611111 	 0.218021
0.017100 	 507.611111 	 0.288024
0.017145 	 507.611111 	 0.358173
0.017190 	 507.611111 	 0.417732
0.017235 	 507.611111 	 0.458950
0.017280 	 507.611111 	 0.478344
0.017325 	 507.611111 	 0.476873
0.017370 	 507.611111 	 0.459118
0.017415 	 507.611111 	 0.431747
0.017460 	 507.611111 	 0.401771
0.017505 	 507.611111 	 0.375019
0.017550 	 507.611111 	 0.355166
0.017595 	 507.611111 	 0.343427
0.017640 	 507.611111 	 0.338851
0.017685 	 507.611111 	 0.339001
0.017730 	 507.611111 	 0.340786
0.017775 	 507.611111 	 0.341227
0.017820 	 507.611111 	 0.338056
0.017865 	 507.611111 	 0.330102
0.017910 	 507.611111 	 0.317491
0.017955 	 507.611111 	 0.301689
0.018000 	 507.611111 	 0.285365
0.018045 	 507.611111 	 0.272058
0.018090 	 507.611111 	 0.265611
0.018135 	 507.611111 	 0.269393
0.018180 	 507.611111 	 0.285411
0.018225 	 507.611111 	 0.313542
0.018270 	 507.611111 	 0.351101
0.018315 	 507.611111 	 0.392995
0.018360 	 507.611111 	 0.432525
0.018405 	 507.611111 	 0.462767
0.018450 	 507.611111 	 0.478212
0.018495 	 507.611111 	 0.476240
0.018540 	 507.611111 	 0.457986
0.018585 	 507.611111 	 0.428281
0.018630 	 507.611111 	 0.394609
0.018675 	 507.611111 	 0.365314
0.018720 	 507.611111 	 0.347524
0.018765 	 507.611111 	 0.345370
0.018810 	 507.611111 	 0.359006
0.018855 	 507.611111 	 0.384691
0.018900 	 507.611111 	 0.415896
0.018945 	 507.611111 	 0.445062
0.018990 	 507.611111 	 0.465486
0.019035 	 507.611111 	 0.472745
0.019080 	 507.611111 	 0.465298
0.019125 	 507.611111 	 0.444179
0.019170 	 507.611111 	 0.412008
0.019215 	 507.611111 	 0.371803
0.019260 	 507.611111 	 0.326087
0.019305 	 507.611111 	 0.276667
0.019350 	 507.611111 	 0.225137
0.019395 	 507.611111 	 0.173845
0.019440 	 507.611111 	 0.126824
0.019485 	 507.611111 	 0.090145
0.019530 	 507.611111 	 0.071298
0.019575 	 507.611111 	 0.077581
0.019620 	 507.611111 	 0.113858
0.019665 	 507.611111 	 0.180358
0.019710 	 507.611111 	 0.271300
0.019755 	 507.611111 	 0.374974
0.019800 	 507.611111 	 0.475504
0.019845 	 507.611111 	 0.556033
0.019890 	 507.611111 	 0.602571
0.019935 	 507.611111 	 0.607474
0.019980 	 507.611111 	 0.571533
0.020025 	 507.611111 	 0.504014
0.020070 	 507.611111 	 0.420528
0.020115 	 507.611111 	 0.339274
0.020160 	 507.611111 	 0.276646
0.020205 	 507.611111 	 0.243388
0.020250 	 507.611111 	 0.242318
0.020295 	 507.611111 	 0.268176
0.020340 	 507.611111 	 0.309582
0.020385 	 507.611111 	 0.352461
0.020430 	 507.611111 	 0.383956
0.020475 	 507.611111 	 0.395718
0.020520 	 507.611111 	 0.385715
0.020565 	 507.611111 	 0.358154
0.020610 	 507.611111 	 0.321707
0.020655 	 507.611111 	 0.286663
0.020700 	 507.611111 	 0.261933
0.020745 	 507.611111 	 0.252760
0.020790 	 507.611111 	 0.259695
0.020835 	 507.611111 	 0.279014
0.020880 	 507.611111 	 0.304261
0.020925 	 507.611111 	 0.328351
0.020970 	 507.611111 	 0.345554
0.021015 	 507.611111 	 0.352798
0.021060 	 507.611111 	 0.350019
0.021105 	 507.611111 	 0.339599
0.021150 	 507.611111 	 0.325215
0.021195 	 507.611111 	 0.310560
0.021240 	 507.611111 	 0.298338
0.021285 	 507.611111 	 0.289810
0.021330 	 507.611111 	 0.284911
0.021375 	 507.611111 	 0.282784
0.021420 	 507.611111 	 0.282444
0.021465 	 507.611111 	 0.283289
0.021510 	 507.611111 	 0.285294
0.021555 	 507.611111 	 0.288847
0.021600 	 507.611111 	 0.294325
0.021645 	 507.611111 	 0.301632
0.021690 	 507.611111 	 0.309854
0.021735 	 507.611111 	 0.317206
0.021780 	 507.611111 	 0.321264
0.021825 	 507.611111 	 0.319449
0.021870 	 507.611111 	 0.309616
0.021915 	 507.611111 	 0.290615
0.021960 	 507.611111 	 0.262719
0.022005 	 507.611111 	 0.227826
0.022050 	 507.611111 	 0.189441
0.022095 	 507.611111 	 0.152394
0.022140 	 507.611111 	 0.122341
0.022185 	 507.611111 	 0.105026
0.022230 	 507.611111 	 0.105381
0.022275 	 507.611111 	 0.126526
0.022320 	 507.611111 	 0.168853
0.022365 	 507.611111 	 0.229400
0.022410 	 507.611111 	 0.301735
0.022455 	 507.611111 	 0.376542
0.022500 	 507.611111 	 0.442932
0.022545 	 507.611111 	 0.490339
0.022590 	 507.611111 	 0.510653
0.022635 	 507.611111 	 0.500098
0.022680 	 507.611111 	 0.460379
0.022725 	 507.611111 	 0.398690
0.022770 	 507.611111 	 0.326494
0.022815 	 507.611111 	 0.257251
0.022860 	 507.611111 	 0.203596
0.022905 	 507.611111 	 0.174631
0.022950 	 507.611111 	 0.173991
0.022995 	 507.611111 	 0.199183
0.023040 	 507.611111 	 0.242365
0.023085 	 507.611111 	 0.292379
0.023130 	 507.611111 	 0.337518
0.023175 	 507.611111 	 0.368330
0.023220 	 507.611111 	 0.379748
0.023265 	 507.611111 	 0.372037
0.023310 	 507.611111 	 0.350374
0.023355 	 507.611111 	 0.323227
0.023400 	 507.611111 	 0.300018
0.023445 	 507.611111 	 0.288699
0.023490 	 507.611111 	 0.293831
0.023535 	 507.611111 	 0.315610
0.023580 	 507.611111 	 0.349966
0.023625 	 507.611111 	 0.389635
0.023670 	 507.611111 	 0.425845
0.023715 	 507.611111 	 0.450196
0.023760 	 507.611111 	 0.456300
0.023805 	 507.611111 	 0.440903
0.023850 	 507.611111 	 0.404321
0.023895 	 507.611111 	 0.350238
0.023940 	 507.611111 	 0.284995
0.023985 	 507.611111 	 0.216542
0.024030 	 507.611111 	 0.153269
0.024075 	 507.611111 	 0.102834
0.024120 	 507.611111 	 0.071137
0.024165 	 507.611111 	 0.061522
0.024210 	 507.611111 	 0.074297
0.024255 	 507.611111 	 0.106667
0.024300 	 507.611111 	 0.153123
0.024345 	 507.611111 	 0.206298
0.024390 	 507.611111 	 0.258189
0.024435 	 507.611111 	 0.301558
0.024480 	 507.611111 	 0.331241
0.024525 	 507.611111 	 0.345076
0.024570 	 507.611111 	 0.344219
0.024615 	 507.611111 	 0.332724
0.024660 	 507.611111 	 0.316485
0.024705 	 507.611111 	 0.301755
0.024750 	 507.611111 	 0.293604
0.024795 	 507.611111 	 0.294698
0.024840 	 507.611111 	 0.304710
0.024885 	 507.611111 	 0.320484
0.024930 	 507.611111 	 0.336929
0.024975 	 507.611111 	 0.348376
0.025020 	 507.611111 	 0.350076
0.025065 	 507.611111 	 0.339429
0.025110 	 507.611111 	 0.316681
0.025155 	 507.611111 	 0.284916
0.025200 	 507.611111 	 0.249397
0.025245 	 507.611111 	 0.216440
0.025290 	 507.611111 	 0.192109
0.025335 	 507.611111 	 0.181033
0.025380 	 507.611111 	 0.185576
0.025425 	 507.611111 	 0.205496
0.025470 	 507.611111 	 0.238098
0.025515 	 507.611111 	 0.278787
0.025560 	 507.611111 	 0.321867
0.025605 	 507.611111 	 0.361435
0.025650 	 507.611111 	 0.392203
0.025695 	 507.611111 	 0.410170
0.025740 	 507.611111 	 0.413065
0.025785 	 507.611111 	 0.400553
0.025830 	 507.611111 	 0.374198
0.025875 	 507.611111 	 0.337204
0.025920 	 507.611111 	 0.293961
0.025965 	 507.611111 	 0.249471
0.026010 	 507.611111 	 0.208696
0.026055 	 507.611111 	 0.175941
0.026100 	 507.611111 	 0.154361
0.026145 	 507.611111 	 0.145656
0.026190 	 507.611111 	 0.150003
0.026235 	 507.611111 	 0.166221
0.026280 	 507.611111 	 0.192094
0.026325 	 507.611111 	 0.224782
0.026370 	 507.611111 	 0.261208
0.026415 	 507.611111 	 0.298347
0.026460 	 507.611111 	 0.333399
0.026505 	 507.611111 	 0.363832
0.026550 	 507.611111 	 0.387394
0.026595 	 507.611111 	 0.402125
0.026640 	 507.611111 	 0.406459
0.026685 	 507.611111 	 0.399413
0.026730 	 507.611111 	 0.380844
0.026775 	 507.611111 	 0.351696
0.026820 	 507.611111 	 0.314137
0.026865 	 507.611111 	 0.271521
0.026910 	 507.611111 	 0.228117
0.026955 	 507.611111 	 0.188633
0.027000 	 507.611111 	 0.157597
0.027045 	 507.611111 	 0.138705
0.027090 	 507.611111 	 0.134266
0.027135 	 507.611111 	 0.144826
0.027180 	 507.611111 	 0.169052
0.027225 	 507.611111 	 0.203885
0.027270 	 507.611111 	 0.244934
0.027315 	 507.611111 	 0.287038
0.027360 	 507.611111 	 0.324927
0.027405 	 507.611111 	 0.353884
0.027450 	 507.611111 	 0.370337
0.027495 	 507.611111 	 0.372299
0.027540 	 507.611111 	 0.359614
0.027585 	 507.611111 	 0.333978
0.027630 	 507.611111 	 0.298703
0.027675 	 507.611111 	 0.258277
0.027720 	 507.611111 	 0.217745
0.027765 	 507.611111 	 0.182016
0.027810 	 507.611111 	 0.155185
0.027855 	 507.611111 	 0.139997
0.027900 	 507.611111 	 0.137519
0.027945 	 507.611111 	 0.147079
0.027990 	 507.611111 	 0.166466
0.028035 	 507.611111 	 0.192337
0.028080 	 507.611111 	 0.220741
0.028125 	 507.611111 	 0.247667
0.028170 	 507.611111 	 0.269518
0.028215 	 507.611111 	 0.283483
0.028260 	 507.611111 	 0.287760
0.028305 	 507.611111 	 0.281683
0.028350 	 507.611111 	 0.265742
0.028395 	 507.611111 	 0.241544
0.028440 	 507.611111 	 0.211704
0.028485 	 507.611111 	 0.179632
0.028530 	 507.611111 	 0.149220
0.028575 	 507.611111 	 0.124387
0.028620 	 507.611111 	 0.108548
0.028665 	 507.611111 	 0.104060
0.028710 	 507.611111 	 0.111778
0.028755 	 507.611111 	 0.130840
0.028800 	 507.611111 	 0.158766
0.028845 	 507.611111 	 0.191902
0.028890 	 507.611111 	 0.226129
0.028935 	 507.611111 	 0.257677
0.028980 	 507.611111 	 0.283859
0.029025 	 507.611111 	 0.303502
0.029070 	 507.611111 	 0.316967
0.029115 	 507.611111 	 0.325738
0.029160 	 507.611111 	 0.331697
0.029205 	 507.611111 	 0.336308
0.029250 	 507.611111 	 0.339954
0.029295 	 507.611111 	 0.341671
0.029340 	 507.611111 	 0.339377
0.029385 	 507.611111 	 0.330561
0.029430 	 507.611111 	 0.313256
0.029475 	 507.611111 	 0.287008
0.029520 	 507.611111 	 0.253526
0.029565 	 507.611111 	 0.216792
0.029610 	 507.611111 	 0.182522
0.029655 	 507.611111 	 0.157079
0.029700 	 507.611111 	 0.146081
0.029745 	 507.611111 	 0.153041
0.029790 	 507.611111 	 0.178401
0.029835 	 507.611111 	 0.219221
0.029880 	 507.611111 	 0.269612
0.029925 	 507.611111 	 0.321851
0.029970 	 507.611111 	 0.367913
0.030015 	 507.611111 	 0.401070
0.030060 	 507.611111 	 0.417202
0.030105 	 507.611111 	 0.415513
0.030150 	 507.611111 	 0.398517
0.030195 	 507.611111 	 0.371324
0.030240 	 507.611111 	 0.340411
0.030285 	 507.611111 	 0.312179
0.030330 	 507.611111 	 0.291616
0.030375 	 507.611111 	 0.281336
0.030420 	 507.611111 	 0.281189
0.030465 	 507.611111 	 0.288458
0.030510 	 507.611111 	 0.298570
0.030555 	 507.611111 	 0.306136
0.030600 	 507.611111 	 0.306092
0.030645 	 507.611111 	 0.294695
0.030690 	 507.611111 	 0.270213
0.030735 	 507.611111 	 0.233196
0.030780 	 507.611111 	 0.186320
0.030825 	 507.611111 	 0.133881
0.030870 	 507.611111 	 0.081054
0.030915 	 507.611111 	 0.033098
0.030960 	 507.611111 	 -0.005384
0.031005 	 507.611111 	 -0.030972
0.031050 	 507.611111 	 -0.041733
0.031095 	 507.611111 	 -0.037255
0.031140 	 507.611111 	 -0.018488
0.031185 	 507.611111 	 0.012550
0.031230 	 507.611111 	 0.053115
0.031275 	 507.611111 	 0.100047
0.031320 	 507.611111 	 0.150017
0.031365 	 507.611111 	 0.199695
0.031410 	 507.611111 	 0.245856
0.031455 	 507.611111 	 0.285487
0.031500 	 507.611111 	 0.315903
0.031545 	 507.611111 	 0.334931
0.031590 	 507.611111 	 0.341122
0.031635 	 507.611111 	 0.333983
0.031680 	 507.611111 	 0.314156
0.031725 	 507.611111 	 0.283488
0.031770 	 507.611111 	 0.244935
0.031815 	 507.611111 	 0.202296
0.031860 	 507.611111 	 0.159789
0.031905 	 507.611111 	 0.121542
0.031950 	 507.611111 	 0.091063
0.031995 	 507.611111 	 0.070817
0.032040 	 507.611111 	 0.061945
0.032085 	 507.611111 	 0.064208
0.032130 	 507.611111 	 0.076130
0.032175 	 507.611111 	 0.095332
0.032220 	 507.611111 	 0.118964
0.032265 	 507.611111 	 0.144182
0.032310 	 507.611111 	 0.168557
0.032355 	 507.611111 	 0.190382
0.032400 	 507.611111 	 0.208822
0.032445 	 507.611111 	 0.223894
0.032490 	 507.611111 	 0.236314
0.032535 	 507.611111 	 0.247235
0.032580 	 507.611111 	 0.257945
0.032625 	 507.611111 	 0.269572
0.032670 	 507.611111 	 0.282841
0.032715 	 507.611111 	 0.297930
0.032760 	 507.611111 	 0.314422
0.032805 	 507.611111 	 0.331353
0.032850 	 507.611111 	 0.347334
0.032895 	 507.611111 	 0.360719
0.032940 	 507.611111 	 0.369784
0.032985 	 507.611111 	 0.372896
0.033030 	 507.611111 	 0.368677
0.033075 	 507.611111 	 0.356141
0.033120 	 507.611111 	 0.334837
0.033165 	 507.611111 	 0.304989
0.033210 	 507.611111 	 0.267618
0.033255 	 507.611111 	 0.224629
0.033300 	 507.611111 	 0.178813
0.033345 	 507.611111 	 0.133721
0.033390 	 507.611111 	 0.093377
0.033435 	 507.611111 	 0.061836
0.033480 	 507.611111 	 0.042623
0.033525 	 507.611111 	 0.038159
0.033570 	 507.611111 	 0.049266
0.033615 	 507.611111 	 0.074887
0.033660 	 507.611111 	 0.112099
0.033705 	 507.611111 	 0.156441
0.033750 	 507.611111 	 0.202525
0.033795 	 507.611111 	 0.244811
0.033840 	 507.611111 	 0.278394
0.033885 	 507.611111 	 0.299662
0.033930 	 507.611111 	 0.306696
0.033975 	 507.611111 	 0.299370
0.034020 	 507.611111 	 0.279170
0.034065 	 507.611111 	 0.248833
0.034110 	 507.611111 	 0.211896
0.034155 	 507.611111 	 0.172283
0.034200 	 507.611111 	 0.133979
0.034245 	 507.611111 	 0.100788
0.034290 	 507.611111 	 0.076137
0.034335 	 507.611111 	 0.062865
0.034380 	 507.611111 	 0.062953
0.034425 	 507.611111 	 0.077199
0.034470 	 507.611111 	 0.104923
0.034515 	 507.611111 	 0.143793
0.034560 	 507.611111 	 0.189906
0.034605 	 507.611111 	 0.238199
0.034650 	 507.611111 	 0.283155
0.034695 	 507.611111 	 0.319711
0.034740 	 507.611111 	 0.344151
0.034785 	 507.611111 	 0.354767
0.034830 	 507.611111 	 0.352079
0.034875 	 507.611111 	 0.338538
0.034920 	 507.611111 	 0.317763
0.034965 	 507.611111 	 0.293519
0.035010 	 507.611111 	 0.268712
0.035055 	 507.611111 	 0.244698
0.035100 	 507.611111 	 0.221119
0.035145 	 507.611111 	 0.196319
0.035190 	 507.611111 	 0.168216
0.035235 	 507.611111 	 0.135361
0.035280 	 507.611111 	 0.097850
0.035325 	 507.611111 	 0.057775
0.035370 	 507.611111 	 0.019041
0.035415 	 507.611111 	 -0.013426
0.035460 	 507.611111 	 -0.034889
0.035505 	 507.611111 	 -0.042075
0.035550 	 507.611111 	 -0.034143
0.035595 	 507.611111 	 -0.013051
0.035640 	 507.611111 	 0.016804
0.035685 	 507.611111 	 0.049598
0.035730 	 507.611111 	 0.079476
0.035775 	 507.611111 	 0.101949
0.035820 	 507.611111 	 0.114931
0.035865 	 507.611111 	 0.119125
0.035910 	 507.611111 	 0.117681
0.035955 	 507.611111 	 0.115239
0.036000 	 507.611111 	 0.116629
0.036045 	 507.611111 	 0.125591
0.036090 	 507.611111 	 0.143827
0.036135 	 507.611111 	 0.170615
0.036180 	 507.611111 	 0.203036
0.036225 	 507.611111 	 0.236694
0.036270 	 507.611111 	 0.266712
0.036315 	 507.611111 	 0.288745
0.036360 	 507.611111 	 0.299754
0.036405 	 507.611111 	 0.298436
0.036450 	 507.611111 	 0.285250
0.036495 	 507.611111 	 0.262141
0.036540 	 507.611111 	 0.232078
0.036585 	 507.611111 	 0.198553
0.036630 	 507.611111 	 0.165133
0.036675 	 507.611111 	 0.135108
0.036720 	 507.611111 	 0.111219
0.036765 	 507.611111 	 0.095441
0.036810 	 507.611111 	 0.088773
0.036855 	 507.611111 	 0.091061
0.036900 	 507.611111 	 0.100882
0.036945 	 507.611111 	 0.115582
0.036990 	 507.611111 	 0.131518
0.037035 	 507.611111 	 0.144551
0.037080 	 507.611111 	 0.150739
0.037125 	 507.611111 	 0.147128
0.037170 	 507.611111 	 0.132481
0.037215 	 507.611111 	 0.107760
0.037260 	 507.611111 	 0.076210
0.037305 	 507.611111 	 0.042994
0.037350 	 507.611111 	 0.014391
0.037395 	 507.611111 	 -0.003309
0.037440 	 507.611111 	 -0.004994
0.037485 	 507.611111 	 0.012217
0.037530 	 507.611111 	 0.048281
0.037575 	 507.611111 	 0.100037
0.037620 	 507.611111 	 0.161574
0.037665 	 507.611111 	 0.225092
0.037710 	 507.611111 	 0.282115
0.037755 	 507.611111 	 0.324846
0.037800 	 507.611111 	 0.347418
0.037845 	 507.611111 	 0.346828
0.037890 	 507.611111 	 0.323409
0.037935 	 507.611111 	 0.280749
0.037980 	 507.611111 	 0.225105
0.038025 	 507.611111 	 0.164411
0.038070 	 507.611111 	 0.107065
0.038115 	 507.611111 	 0.060699
0.038160 	 507.611111 	 0.031125
0.038205 	 507.611111 	 0.021612
0.038250 	 507.611111 	 0.032571
0.038295 	 507.611111 	 0.061674
0.038340 	 507.611111 	 0.104326
0.038385 	 507.611111 	 0.154398
0.038430 	 507.611111 	 0.205079
0.038475 	 507.611111 	 0.249721
0.038520 	 507.611111 	 0.282579
0.038565 	 507.611111 	 0.299381
0.038610 	 507.611111 	 0.297695
0.038655 	 507.611111 	 0.277112
0.038700 	 507.611111 	 0.239232
0.038745 	 507.611111 	 0.187498
0.038790 	 507.611111 	 0.126853
0.038835 	 507.611111 	 0.063260
0.038880 	 507.611111 	 0.003081
0.038925 	 507.611111 	 -0.047618
0.038970 	 507.611111 	 -0.083777
0.039015 	 507.611111 	 -0.101951
0.039060 	 507.611111 	 -0.100718
0.039105 	 507.611111 	 -0.080800
0.039150 	 507.611111 	 -0.044854
0.039195 	 507.611111 	 0.003028
0.039240 	 507.611111 	 0.058012
0.039285 	 507.611111 	 0.115258
0.039330 	 507.611111 	 0.170533
0.039375 	 507.611111 	 0.220574
0.039420 	 507.611111 	 0.263147
0.039465 	 507.611111 	 0.296819
0.039510 	 507.611111 	 0.320578
0.039555 	 507.611111 	 0.333449
0.039600 	 507.611111 	 0.334268
0.039645 	 507.611111 	 0.321722
0.039690 	 507.611111 	 0.294679
0.039735 	 507.611111 	 0.252706
0.039780 	 507.611111 	 0.196628
0.039825 	 507.611111 	 0.128941
0.039870 	 507.611111 	 0.053910
0.039915 	 507.611111 	 -0.022724
0.039960 	 507.611111 	 -0.094402
0.040005 	 507.611111 	 -0.154639
0.040050 	 507.611111 	 -0.197963
0.040095 	 507.611111 	 -0.220696
0.040140 	 507.611111 	 -0.221403
0.040185 	 507.611111 	 -0.200947
0.040230 	 507.611111 	 -0.162162
0.040275 	 507.611111 	 -0.109257
0.040320 	 507.611111 	 -0.047107
0.040365 	 507.611111 	 0.019399
0.040410 	 507.611111 	 0.085845
0.040455 	 507.611111 	 0.148537
0.040500 	 507.611111 	 0.204541
0.040545 	 507.611111 	 0.251574
0.040590 	 507.611111 	 0.287852
0.040635 	 507.611111 	 0.311964
0.040680 	 507.611111 	 0.322842
0.040725 	 507.611111 	 0.319830
0.040770 	 507.611111 	 0.302828
0.040815 	 507.611111 	 0.272456
0.040860 	 507.611111 	 0.230191
0.040905 	 507.611111 	 0.178439
0.040950 	 507.611111 	 0.120509
0.040995 	 507.611111 	 0.060480
0.041040 	 507.611111 	 0.002968
0.041085 	 507.611111 	 -0.047213
0.041130 	 507.611111 	 -0.085482
0.041175 	 507.611111 	 -0.107981
0.041220 	 507.611111 	 -0.112100
0.041265 	 507.611111 	 -0.096947
0.041310 	 507.611111 	 -0.063677
0.041355 	 507.611111 	 -0.015574
0.041400 	 507.611111 	 0.042186
0.041445 	 507.611111 	 0.103144
0.041490 	 507.611111 	 0.160462
0.041535 	 507.611111 	 0.208020
0.041580 	 507.611111 	 0.241493
0.041625 	 507.611111 	 0.259173
0.041670 	 507.611111 	 0.262341
0.041715 	 507.611111 	 0.255039
0.041760 	 507.611111 	 0.243255
0.041805 	 507.611111 	 0.233640
0.041850 	 507.611111 	 0.232012
0.041895 	 507.611111 	 0.241951
0.041940 	 507.611111 	 0.263823
0.041985 	 507.611111 	 0.294443
0.042030 	 507.611111 	 0.327510
0.042075 	 507.611111 	 0.354734
0.042120 	 507.611111 	 0.367464
0.042165 	 507.611111 	 0.358473
0.042210 	 507.611111 	 0.323530
0.042255 	 507.611111 	 0.262435
0.042300 	 507.611111 	 0.179264
0.042345 	 507.611111 	 0.081786
0.042390 	 507.611111 	 -0.019846
0.042435 	 507.611111 	 -0.114854
0.042480 	 507.611111 	 -0.193693
0.042525 	 507.611111 	 -0.249624
0.042570 	 507.611111 	 -0.279698
0.042615 	 507.611111 	 -0.284969
0.042660 	 507.611111 	 -0.269930
0.042705 	 507.611111 	 -0.241305
0.042750 	 507.611111 	 -0.206502
0.042795 	 507.611111 	 -0.172057
0.042840 	 507.611111 	 -0.142420
0.042885 	 507.611111 	 -0.119329
0.042930 	 507.611111 	 -0.101885
0.042975 	 507.611111 	 -0.087254
0.043020 	 507.611111 	 -0.071794
0.043065 	 507.611111 	 -0.052291
0.043110 	 507.611111 	 -0.026992
0.043155 	 507.611111 	 0.003831
0.043200 	 507.611111 	 0.037904
0.043245 	 507.611111 	 0.071533
0.043290 	 507.611111 	 0.100563
0.043335 	 507.611111 	 0.121455
0.043380 	 507.611111 	 0.132186
0.043425 	 507.611111 	 0.132732
0.043470 	 507.611111 	 0.125046
0.043515 	 507.611111 	 0.112553
0.043560 	 507.611111 	 0.099315
0.043605 	 507.611111 	 0.089119
0.043650 	 507.611111 	 0.084724
0.043695 	 507.611111 	 0.087424
0.043740 	 507.611111 	 0.097029
0.043785 	 507.611111 	 0.112182
0.043830 	 507.611111 	 0.130888
0.043875 	 507.611111 	 0.151073
0.043920 	 507.611111 	 0.171000
0.043965 	 507.611111 	 0.189458
0.044010 	 507.611111 	 0.205711
0.044055 	 507.611111 	 0.219285
0.044100 	 507.611111 	 0.229718
0.044145 	 507.611111 	 0.236385
0.044190 	 507.611111 	 0.238484
0.044235 	 507.611111 	 0.235183
0.044280 	 507.611111 	 0.225874
0.044325 	 507.611111 	 0.210422
0.044370 	 507.611111 	 0.189323
0.044415 	 507.611111 	 0.163687
0.044460 	 507.611111 	 0.135063
0.044505 	 507.611111 	 0.105142
0.044550 	 507.611111 	 0.075455
0.044595 	 507.611111 	 0.047138
0.044640 	 507.611111 	 0.020858
0.044685 	 507.611111 	 -0.003107
0.044730 	 507.611111 	 -0.024678
0.044775 	 507.611111 	 -0.043754
0.044820 	 507.611111 	 -0.060047
0.044865 	 507.611111 	 -0.073043
0.044910 	 507.611111 	 -0.082093
0.044955 	 507.611111 	 -0.086602
0.045000 	 507.611111 	 -0.086233
0.045045 	 507.611111 	 -0.081048
0.045090 	 507.611111 	 -0.071541
0.045135 	 507.611111 	 -0.058535
0.045180 	 507.611111 	 -0.043004
0.045225 	 507.611111 	 -0.025883
0.045270 	 507.611111 	 -0.007938
0.045315 	 507.611111 	 0.010243
0.045360 	 507.611111 	 0.028138
0.045405 	 507.611111 	 0.045118
0.045450 	 507.611111 	 0.060271
0.045495 	 507.611111 	 0.072324
0.045540 	 507.611111 	 0.079713
0.045585 	 507.611111 	 0.080797
0.045630 	 507.611111 	 0.074182
0.045675 	 507.611111 	 0.059057
0.045720 	 507.611111 	 0.035442
0.045765 	 507.611111 	 0.004275
0.045810 	 507.611111 	 -0.032677
0.045855 	 507.611111 	 -0.073072
0.045900 	 507.611111 	 -0.114328
0.045945 	 507.611111 	 -0.153942
0.045990 	 507.611111 	 -0.189740
0.046035 	 507.611111 	 -0.219995
0.046080 	 507.611111 	 -0.243451
0.046125 	 507.611111 	 -0.259285
0.046170 	 507.611111 	 -0.267071
0.046215 	 507.611111 	 -0.266808
0.046260 	 507.611111 	 -0.258997
0.046305 	 507.611111 	 -0.244741
0.046350 	 507.611111 	 -0.225794
0.046395 	 507.611111 	 -0.204488
0.046440 	 507.611111 	 -0.183480
0.046485 	 507.611111 	 -0.165342
0.046530 	 507.611111 	 -0.152052
0.046575 	 507.611111 	 -0.144527
0.046620 	 507.611111 	 -0.142315
0.046665 	 507.611111 	 -0.143580
0.046710 	 507.611111 	 -0.145415
0.046755 	 507.611111 	 -0.144446
0.046800 	 507.611111 	 -0.137607
0.046845 	 507.611111 	 -0.122892
0.046890 	 507.611111 	 -0.099912
0.046935 	 507.611111 	 -0.070084
0.046980 	 507.611111 	 -0.036406
0.047025 	 507.611111 	 -0.002827
0.047070 	 507.611111 	 0.026632
0.047115 	 507.611111 	 0.048815
0.047160 	 507.611111 	 0.062210
0.047205 	 507.611111 	 0.067369
0.047250 	 507.611111 	 0.066854
0.047295 	 507.611111 	 0.064712
0.047340 	 507.611111 	 0.065564
0.047385 	 507.611111 	 0.073501
0.047430 	 507.611111 	 0.091017
0.047475 	 507.611111 	 0.118222
0.047520 	 507.611111 	 0.152511
0.047565 	 507.611111 	 0.188793
0.047610 	 507.611111 	 0.220275
0.047655 	 507.611111 	 0.239658
0.047700 	 507.611111 	 0.240552
0.047745 	 507.611111 	 0.218802
0.047790 	 507.611111 	 0.173473
0.047835 	 507.611111 	 0.107252
0.047880 	 507.611111 	 0.026176
0.047925 	 507.611111 	 -0.061315
0.047970 	 507.611111 	 -0.145798
0.048015 	 507.611111 	 -0.218516
0.048060 	 507.611111 	 -0.272893
0.048105 	 507.611111 	 -0.305623
0.048150 	 507.611111 	 -0.317102
0.048195 	 507.611111 	 -0.311113
0.048240 	 507.611111 	 -0.293853
0.048285 	 507.611111 	 -0.272502
0.048330 	 507.611111 	 -0.253672
0.048375 	 507.611111 	 -0.242062
0.048420 	 507.611111 	 -0.239599
0.048465 	 507.611111 	 -0.245244
0.048510 	 507.611111 	 -0.255448
0.048555 	 507.611111 	 -0.265130
0.048600 	 507.611111 	 -0.268927
0.048645 	 507.611111 	 -0.262413
0.048690 	 507.611111 	 -0.243038
0.048735 	 507.611111 	 -0.210614
0.048780 	 507.611111 	 -0.167295
0.048825 	 507.611111 	 -0.117107
0.048870 	 507.611111 	 -0.065186
0.048915 	 507.611111 	 -0.016907
0.048960 	 507.611111 	 0.022924
0.049005 	 507.611111 	 0.050666
0.049050 	 507.611111 	 0.064178
0.049095 	 507.611111 	 0.062880
0.049140 	 507.611111 	 0.047606
0.049185 	 507.611111 	 0.020300
0.049230 	 507.611111 	 -0.016332
0.049275 	 507.611111 	 -0.059180
0.049320 	 507.611111 	 -0.105038
0.049365 	 507.611111 	 -0.150836
0.049410 	 507.611111 	 -0.193789
0.049455 	 507.611111 	 -0.231472
0.049500 	 507.611111 	 -0.261820
0.049545 	 507.611111 	 -0.283093
0.049590 	 507.611111 	 -0.293829
0.049635 	 507.611111 	 -0.292827
0.049680 	 507.611111 	 -0.279203
0.049725 	 507.611111 	 -0.252532
0.049770 	 507.611111 	 -0.213065
0.049815 	 507.611111 	 -0.161987
0.049860 	 507.611111 	 -0.101625
0.049905 	 507.611111 	 -0.035545
0.049950 	 507.611111 	 0.031570
0.049995 	 507.611111 	 0.094274
0.050040 	 507.611111 	 0.146931
0.050085 	 507.611111 	 0.184436
0.050130 	 507.611111 	 0.202938
0.050175 	 507.611111 	 0.200431
0.050220 	 507.611111 	 0.177073
0.050265 	 507.611111 	 0.135161
0.050310 	 507.611111 	 0.078773
0.050355 	 507.611111 	 0.013135
0.050400 	 507.611111 	 -0.056125
0.050445 	 507.611111 	 -0.123703
0.050490 	 507.611111 	 -0.185167
0.050535 	 507.611111 	 -0.237265
0.050580 	 507.611111 	 -0.277951
0.050625 	 507.611111 	 -0.306213
0.050670 	 507.611111 	 -0.321771
0.050715 	 507.611111 	 -0.324783
0.050760 	 507.611111 	 -0.315629
0.050805 	 507.611111 	 -0.294854
0.050850 	 507.611111 	 -0.263242
0.050895 	 507.611111 	 -0.221994
0.050940 	 507.611111 	 -0.172928
0.050985 	 507.611111 	 -0.118627
0.051030 	 507.611111 	 -0.062453
0.051075 	 507.611111 	 -0.008414
0.051120 	 507.611111 	 0.039139
0.051165 	 507.611111 	 0.075933
0.051210 	 507.611111 	 0.098265
0.051255 	 507.611111 	 0.103488
0.051300 	 507.611111 	 0.090418
0.051345 	 507.611111 	 0.059598
0.051390 	 507.611111 	 0.013361
0.051435 	 507.611111 	 -0.044318
0.051480 	 507.611111 	 -0.108187
0.051525 	 507.611111 	 -0.172261
0.051570 	 507.611111 	 -0.230478
0.051615 	 507.611111 	 -0.277378
0.051660 	 507.611111 	 -0.308724
0.051705 	 507.611111 	 -0.321975
0.051750 	 507.611111 	 -0.316554
0.051795 	 507.611111 	 -0.293885
0.051840 	 507.611111 	 -0.257209
0.051885 	 507.611111 	 -0.211220
0.051930 	 507.611111 	 -0.161566
0.051975 	 507.611111 	 -0.114276
0.052020 	 507.611111 	 -0.075160
0.052065 	 507.611111 	 -0.049212
0.052110 	 507.611111 	 -0.040056
0.052155 	 507.611111 	 -0.049468
0.052200 	 507.611111 	 -0.077027
0.052245 	 507.611111 	 -0.119973
0.052290 	 507.611111 	 -0.173336
0.052335 	 507.611111 	 -0.230388
0.052380 	 507.611111 	 -0.283435
0.052425 	 507.611111 	 -0.324870
0.052470 	 507.611111 	 -0.348348
0.052515 	 507.611111 	 -0.349877
0.052560 	 507.611111 	 -0.328599
0.052605 	 507.611111 	 -0.287069
0.052650 	 507.611111 	 -0.230921
0.052695 	 507.611111 	 -0.167952
0.052740 	 507.611111 	 -0.106775
0.052785 	 507.611111 	 -0.055307
0.052830 	 507.611111 	 -0.019419
0.052875 	 507.611111 	 -0.002021
0.052920 	 507.611111 	 -0.002779
0.052965 	 507.611111 	 -0.018494
0.053010 	 507.611111 	 -0.044010
0.053055 	 507.611111 	 -0.073411
0.053100 	 507.611111 	 -0.101222
0.053145 	 507.611111 	 -0.123325
0.053190 	 507.611111 	 -0.137453
0.053235 	 507.611111 	 -0.143217
0.053280 	 507.611111 	 -0.141752
0.053325 	 507.611111 	 -0.135173
0.053370 	 507.611111 	 -0.126007
0.053415 	 507.611111 	 -0.116760
0.053460 	 507.611111 	 -0.109666
0.053505 	 507.611111 	 -0.106593
0.053550 	 507.611111 	 -0.109015
0.053595 	 507.611111 	 -0.117950
0.053640 	 507.611111 	 -0.133811
0.053685 	 507.611111 	 -0.156187
0.053730 	 507.611111 	 -0.183632
0.053775 	 507.611111 	 -0.213604
0.053820 	 507.611111 	 -0.242651
0.053865 	 507.611111 	 -0.266895
0.053910 	 507.611111 	 -0.282746
0.053955 	 507.611111 	 -0.287694
0.054000 	 507.611111 	 -0.280963
0.054045 	 507.611111 	 -0.263817
0.054090 	 507.611111 	 -0.239384
0.054135 	 507.611111 	 -0.212006
0.054180 	 507.611111 	 -0.186240
0.054225 	 507.611111 	 -0.165771
0.054270 	 507.611111 	 -0.152520
0.054315 	 507.611111 	 -0.146200
0.054360 	 507.611111 	 -0.144449
0.054405 	 507.611111 	 -0.143517
0.054450 	 507.611111 	 -0.139320
0.054495 	 507.611111 	 -0.128579
0.054540 	 507.611111 	 -0.109754
0.054585 	 507.611111 	 -0.083506
0.054630 	 507.611111 	 -0.052609
0.054675 	 507.611111 	 -0.021336
0.054720 	 507.611111 	 0.005491
0.054765 	 507.611111 	 0.023531
0.054810 	 507.611111 	 0.029776
0.054855 	 507.611111 	 0.023021
0.054900 	 507.611111 	 0.003891
0.054945 	 507.611111 	 -0.025533
0.054990 	 507.611111 	 -0.062334
0.055035 	 507.611111 	 -0.103424
0.055080 	 507.611111 	 -0.146073
0.055125 	 507.611111 	 -0.188185
0.055170 	 507.611111 	 -0.228296
0.055215 	 507.611111 	 -0.265354
0.055260 	 507.611111 	 -0.298398
0.055305 	 507.611111 	 -0.326287
0.055350 	 507.611111 	 -0.347574
0.055395 	 507.611111 	 -0.360587
0.055440 	 507.611111 	 -0.363693
0.055485 	 507.611111 	 -0.355685
0.055530 	 507.611111 	 -0.336177
0.055575 	 507.611111 	 -0.305895
0.055620 	 507.611111 	 -0.266798
0.055665 	 507.611111 	 -0.221979
0.055710 	 507.611111 	 -0.175359
0.055755 	 507.611111 	 -0.131233
0.055800 	 507.611111 	 -0.093755
0.055845 	 507.611111 	 -0.066432
0.055890 	 507.611111 	 -0.051726
0.055935 	 507.611111 	 -0.050797
0.055980 	 507.611111 	 -0.063420
0.056025 	 507.611111 	 -0.088054
0.056070 	 507.611111 	 -0.122045
0.056115 	 507.611111 	 -0.161901
0.056160 	 507.611111 	 -0.203622
0.056205 	 507.611111 	 -0.243027
0.056250 	 507.611111 	 -0.276084
0.056295 	 507.611111 	 -0.299236
0.056340 	 507.611111 	 -0.309715
0.056385 	 507.611111 	 -0.305850
0.056430 	 507.611111 	 -0.287337
0.056475 	 507.611111 	 -0.255439
0.056520 	 507.611111 	 -0.213036
0.056565 	 507.611111 	 -0.164489
0.056610 	 507.611111 	 -0.115264
0.056655 	 507.611111 	 -0.071318
0.056700 	 507.611111 	 -0.038325
0.056745 	 507.611111 	 -0.020836
0.056790 	 507.611111 	 -0.021556
0.056835 	 507.611111 	 -0.040865
0.056880 	 507.611111 	 -0.076723
0.056925 	 507.611111 	 -0.124997
0.056970 	 507.611111 	 -0.180147
0.057015 	 507.611111 	 -0.236147
0.057060 	 507.611111 	 -0.287440
0.057105 	 507.611111 	 -0.329722
0.057150 	 507.611111 	 -0.360413
0.057195 	 507.611111 	 -0.378744
0.057240 	 507.611111 	 -0.385493
0.057285 	 507.611111 	 -0.382497
0.057330 	 507.611111 	 -0.372087
0.057375 	 507.611111 	 -0.356627
0.057420 	 507.611111 	 -0.338230
0.057465 	 507.611111 	 -0.318683
0.057510 	 507.611111 	 -0.299514
0.057555 	 507.611111 	 -0.282091
0.057600 	 507.611111 	 -0.267632
0.057645 	 507.611111 	 -0.257082
0.057690 	 507.611111 	 -0.250858
0.057735 	 507.611111 	 -0.248558
0.057780 	 507.611111 	 -0.248781
0.057825 	 507.611111 	 -0.249165
0.057870 	 507.611111 	 -0.246743
0.057915 	 507.611111 	 -0.238559
0.057960 	 507.611111 	 -0.222431
0.058005 	 507.611111 	 -0.197658
0.058050 	 507.611111 	 -0.165462
0.058095 	 507.611111 	 -0.129009
0.058140 	 507.611111 	 -0.092980
0.058185 	 507.611111 	 -0.062742
0.058230 	 507.611111 	 -0.043338
0.058275 	 507.611111 	 -0.038513
0.058320 	 507.611111 	 -0.050009
0.058365 	 507.611111 	 -0.077280
0.058410 	 507.611111 	 -0.117649
0.058455 	 507.611111 	 -0.166824
0.058500 	 507.611111 	 -0.219618
0.058545 	 507.611111 	 -0.270676
0.058590 	 507.611111 	 -0.315072
0.058635 	 507.611111 	 -0.348708
0.058680 	 507.611111 	 -0.368510
0.058725 	 507.611111 	 -0.372516
0.058770 	 507.611111 	 -0.359911
0.058815 	 507.611111 	 -0.331086
0.058860 	 507.611111 	 -0.287711
0.058905 	 507.611111 	 -0.232771
0.058950 	 507.611111 	 -0.170481
0.058995 	 507.611111 	 -0.106004
0.059040 	 507.611111 	 -0.044969
0.059085 	 507.611111 	 0.007178
0.059130 	 507.611111 	 0.045851
0.059175 	 507.611111 	 0.067899
0.059220 	 507.611111 	 0.071942
0.059265 	 507.611111 	 0.058414
0.059310 	 507.611111 	 0.029315
0.059355 	 507.611111 	 -0.012209
0.059400 	 507.611111 	 -0.062347
0.059445 	 507.611111 	 -0.117032
0.059490 	 507.611111 	 -0.172226
0.059535 	 507.611111 	 -0.224096
0.059580 	 507.611111 	 -0.269152
0.059625 	 507.611111 	 -0.304443
0.059670 	 507.611111 	 -0.327874
0.059715 	 507.611111 	 -0.338612
0.059760 	 507.611111 	 -0.337475
0.059805 	 507.611111 	 -0.327127
0.059850 	 507.611111 	 -0.311911
0.059895 	 507.611111 	 -0.297224
0.059940 	 507.611111 	 -0.288473
0.059985 	 507.611111 	 -0.289813
0.060030 	 507.611111 	 -0.302983
0.060075 	 507.611111 	 -0.326588
0.060120 	 507.611111 	 -0.356105
0.060165 	 507.611111 	 -0.384706
0.060210 	 507.611111 	 -0.404766
0.060255 	 507.611111 	 -0.409718
0.060300 	 507.611111 	 -0.395775
0.060345 	 507.611111 	 -0.363065
0.060390 	 507.611111 	 -0.315835
0.060435 	 507.611111 	 -0.261659
0.060480 	 507.611111 	 -0.209799
0.060525 	 507.611111 	 -0.169161
0.060570 	 507.611111 	 -0.146349
0.060615 	 507.611111 	 -0.144317
0.060660 	 507.611111 	 -0.161937
0.060705 	 507.611111 	 -0.194556
0.060750 	 507.611111 	 -0.235314
0.060795 	 507.611111 	 -0.276849
0.060840 	 507.611111 	 -0.312897
0.060885 	 507.611111 	 -0.339398
0.060930 	 507.611111 	 -0.354889
0.060975 	 507.611111 	 -0.360183
0.061020 	 507.611111 	 -0.357533
0.061065 	 507.611111 	 -0.349617
0.061110 	 507.611111 	 -0.338656
0.061155 	 507.611111 	 -0.325918
0.061200 	 507.611111 	 -0.311690
0.061245 	 507.611111 	 -0.295636
0.061290 	 507.611111 	 -0.277358
0.061335 	 507.611111 	 -0.256929
0.061380 	 507.611111 	 -0.235203
0.061425 	 507.611111 	 -0.213813
0.061470 	 507.611111 	 -0.194891
0.061515 	 507.611111 	 -0.180595
0.061560 	 507.611111 	 -0.172635
0.061605 	 507.611111 	 -0.171895
0.061650 	 507.611111 	 -0.178269
0.061695 	 507.611111 	 -0.190693
0.061740 	 507.611111 	 -0.207337
0.061785 	 507.611111 	 -0.225881
0.061830 	 507.611111 	 -0.243804
0.061875 	 507.611111 	 -0.258652
0.061920 	 507.611111 	 -0.268276
0.061965 	 507.611111 	 -0.271062
0.062010 	 507.611111 	 -0.266146
0.062055 	 507.611111 	 -0.253612
0.062100 	 507.611111 	 -0.234606
0.062145 	 507.611111 	 -0.211320
0.062190 	 507.611111 	 -0.186790
0.062235 	 507.611111 	 -0.164508
0.062280 	 507.611111 	 -0.147887
0.062325 	 507.611111 	 -0.139704
0.062370 	 507.611111 	 -0.141630
0.062415 	 507.611111 	 -0.153974
0.062460 	 507.611111 	 -0.175687
0.062505 	 507.611111 	 -0.204626
0.062550 	 507.611111 	 -0.237974
0.062595 	 507.611111 	 -0.272694
0.062640 	 507.611111 	 -0.305893
0.062685 	 507.611111 	 -0.335029
0.062730 	 507.611111 	 -0.357953
0.062775 	 507.611111 	 -0.372857
0.062820 	 507.611111 	 -0.378250
0.062865 	 507.611111 	 -0.373038
0.062910 	 507.611111 	 -0.356764
0.062955 	 507.611111 	 -0.329956
0.063000 	 507.611111 	 -0.294462
0.063045 	 507.611111 	 -0.253618
0.063090 	 507.611111 	 -0.212105
0.063135 	 507.611111 	 -0.175443
0.063180 	 507.611111 	 -0.149155
0.063225 	 507.611111 	 -0.137776
0.063270 	 507.611111 	 -0.143925
0.063315 	 507.611111 	 -0.167694
0.063360 	 507.611111 	 -0.206496
0.063405 	 507.611111 	 -0.255452
0.063450 	 507.611111 	 -0.308215
0.063495 	 507.611111 	 -0.358040
0.063540 	 507.611111 	 -0.398858
0.063585 	 507.611111 	 -0.426135
0.063630 	 507.611111 	 -0.437354
0.063675 	 507.611111 	 -0.432100
0.063720 	 507.611111 	 -0.411807
0.063765 	 507.611111 	 -0.379299
0.063810 	 507.611111 	 -0.338281
0.063855 	 507.611111 	 -0.292874
0.063900 	 507.611111 	 -0.247267
0.063945 	 507.611111 	 -0.205461
0.063990 	 507.611111 	 -0.171054
0.064035 	 507.611111 	 -0.147030
0.064080 	 507.611111 	 -0.135508
0.064125 	 507.611111 	 -0.137507
0.064170 	 507.611111 	 -0.152757
0.064215 	 507.611111 	 -0.179654
0.064260 	 507.611111 	 -0.215385
0.064305 	 507.611111 	 -0.256244
0.064350 	 507.611111 	 -0.298071
0.064395 	 507.611111 	 -0.336732
0.064440 	 507.611111 	 -0.368550
0.064485 	 507.611111 	 -0.390614
0.064530 	 507.611111 	 -0.400961
0.064575 	 507.611111 	 -0.398645
0.064620 	 507.611111 	 -0.383769
0.064665 	 507.611111 	 -0.357505
0.064710 	 507.611111 	 -0.322122
0.064755 	 507.611111 	 -0.280974
0.064800 	 507.611111 	 -0.238369
0.064845 	 507.611111 	 -0.199231
0.064890 	 507.611111 	 -0.168529
0.064935 	 507.611111 	 -0.150511
0.064980 	 507.611111 	 -0.147887
0.065025 	 507.611111 	 -0.161160
0.065070 	 507.611111 	 -0.188322
0.065115 	 507.611111 	 -0.225049
0.065160 	 507.611111 	 -0.265441
0.065205 	 507.611111 	 -0.303151
0.065250 	 507.611111 	 -0.332676
0.065295 	 507.611111 	 -0.350475
0.065340 	 507.611111 	 -0.355635
0.065385 	 507.611111 	 -0.349904
0.065430 	 507.611111 	 -0.337074
0.065475 	 507.611111 	 -0.321896
0.065520 	 507.611111 	 -0.308802
0.065565 	 507.611111 	 -0.300777
0.065610 	 507.611111 	 -0.298674
0.065655 	 507.611111 	 -0.301120
0.065700 	 507.611111 	 -0.305001
0.065745 	 507.611111 	 -0.306369
0.065790 	 507.611111 	 -0.301519
0.065835 	 507.611111 	 -0.287948
0.065880 	 507.611111 	 -0.265006
0.065925 	 507.611111 	 -0.234122
0.065970 	 507.611111 	 -0.198609
0.066015 	 507.611111 	 -0.163140
0.066060 	 507.611111 	 -0.133019
0.066105 	 507.611111 	 -0.113376
0.066150 	 507.611111 	 -0.108376
0.066195 	 507.611111 	 -0.120523
0.066240 	 507.611111 	 -0.150116
0.066285 	 507.611111 	 -0.194947
0.066330 	 507.611111 	 -0.250316
0.066375 	 507.611111 	 -0.309472
0.066420 	 507.611111 	 -0.364494
0.066465 	 507.611111 	 -0.407575
0.066510 	 507.611111 	 -0.432514
0.066555 	 507.611111 	 -0.436120
0.066600 	 507.611111 	 -0.419166
0.066645 	 507.611111 	 -0.386579
0.066690 	 507.611111 	 -0.346679
0.066735 	 507.611111 	 -0.309515
0.066780 	 507.611111 	 -0.284615
0.066825 	 507.611111 	 -0.278655
0.066870 	 507.611111 	 -0.293660
0.066915 	 507.611111 	 -0.326268
0.066960 	 507.611111 	 -0.368323
0.067005 	 507.611111 	 -0.408751
0.067050 	 507.611111 	 -0.436273
0.067095 	 507.611111 	 -0.442297
0.067140 	 507.611111 	 -0.423227
0.067185 	 507.611111 	 -0.381573
0.067230 	 507.611111 	 -0.325536
0.067275 	 507.611111 	 -0.267163
0.067320 	 507.611111 	 -0.219506
0.067365 	 507.611111 	 -0.193524
0.067410 	 507.611111 	 -0.195496
0.067455 	 507.611111 	 -0.225586
0.067500 	 507.611111 	 -0.277885
0.067545 	 507.611111 	 -0.341859
0.067590 	 507.611111 	 -0.404768
0.067635 	 507.611111 	 -0.454442
0.067680 	 507.611111 	 -0.481714
0.067725 	 507.611111 	 -0.482028
0.067770 	 507.611111 	 -0.455926
0.067815 	 507.611111 	 -0.408474
0.067860 	 507.611111 	 -0.347869
0.067905 	 507.611111 	 -0.283656
0.067950 	 507.611111 	 -0.224947
0.067995 	 507.611111 	 -0.178994
0.068040 	 507.611111 	 -0.150296
0.068085 	 507.611111 	 -0.140283
0.068130 	 507.611111 	 -0.147509
0.068175 	 507.611111 	 -0.168232
0.068220 	 507.611111 	 -0.197236
0.068265 	 507.611111 	 -0.228772
0.068310 	 507.611111 	 -0.257511
0.068355 	 507.611111 	 -0.279384
0.068400 	 507.611111 	 -0.292208
0.068445 	 507.611111 	 -0.295962
0.068490 	 507.611111 	 -0.292638
0.068535 	 507.611111 	 -0.285661
0.068580 	 507.611111 	 -0.278953
0.068625 	 507.611111 	 -0.275875
0.068670 	 507.611111 	 -0.278297
0.068715 	 507.611111 	 -0.286082
0.068760 	 507.611111 	 -0.297157
0.068805 	 507.611111 	 -0.308192
0.068850 	 507.611111 	 -0.315693
0.068895 	 507.611111 	 -0.317199
0.068940 	 507.611111 	 -0.312172
0.068985 	 507.611111 	 -0.302287
0.069030 	 507.611111 	 -0.290968
0.069075 	 507.611111 	 -0.282297
0.069120 	 507.611111 	 -0.279619
0.069165 	 507.611111 	 -0.284318
0.069210 	 507.611111 	 -0.295198
0.069255 	 507.611111 	 -0.308738
0.069300 	 507.611111 	 -0.320177
0.069345 	 507.611111 	 -0.325137
0.069390 	 507.611111 	 -0.321232
0.069435 	 507.611111 	 -0.309119
0.069480 	 507.611111 	 -0.292558
0.069525 	 507.611111 	 -0.277397
0.069570 	 507.611111 	 -0.269711
0.069615 	 507.611111 	 -0.273687
0.069660 	 507.611111 	 -0.289932
0.069705 	 507.611111 	 -0.314827
0.069750 	 507.611111 	 -0.341248
0.069795 	 507.611111 	 -0.360537
0.069840 	 507.611111 	 -0.365194
0.069885 	 507.611111 	 -0.351503
0.069930 	 507.611111 	 -0.321235
0.069975 	 507.611111 	 -0.281846
0.070020 	 507.611111 	 -0.244953
0.070065 	 507.611111 	 -0.223436
0.070110 	 507.611111 	 -0.227886
0.070155 	 507.611111 	 -0.263411
0.070200 	 507.611111 	 -0.327715
0.070245 	 507.611111 	 -0.411070
0.070290 	 507.611111 	 -0.498233
0.070335 	 507.611111 	 -0.571869
0.070380 	 507.611111 	 -0.616580
0.070425 	 507.611111 	 -0.622486
0.070470 	 507.611111 	 -0.587482
0.070515 	 507.611111 	 -0.517595
0.070560 	 507.611111 	 -0.425441
0.070605 	 507.611111 	 -0.327222
0.070650 	 507.611111 	 -0.239090
0.070695 	 507.611111 	 -0.173790
0.070740 	 507.611111 	 -0.138402
0.070785 	 507.611111 	 -0.133617
0.070830 	 507.611111 	 -0.154571
0.070875 	 507.611111 	 -0.192822
0.070920 	 507.611111 	 -0.238830
0.070965 	 507.611111 	 -0.284216
0.071010 	 507.611111 	 -0.323269
0.071055 	 507.611111 	 -0.353442
0.071100 	 507.611111 	 -0.374906
0.071145 	 507.611111 	 -0.389494
0.071190 	 507.611111 	 -0.399483
0.071235 	 507.611111 	 -0.406632
0.071280 	 507.611111 	 -0.411745
0.071325 	 507.611111 	 -0.414786
0.071370 	 507.611111 	 -0.415395
0.071415 	 507.611111 	 -0.413506
0.071460 	 507.611111 	 -0.409787
0.071505 	 507.611111 	 -0.405689
0.071550 	 507.611111 	 -0.403079
0.071595 	 507.611111 	 -0.403590
0.071640 	 507.611111 	 -0.407922
0.071685 	 507.611111 	 -0.415374
0.071730 	 507.611111 	 -0.423791
0.071775 	 507.611111 	 -0.429998
0.071820 	 507.611111 	 -0.430610
0.071865 	 507.611111 	 -0.422998
0.071910 	 507.611111 	 -0.406132
0.071955 	 507.611111 	 -0.381043
0.072000 	 507.611111 	 -0.350773
0.072045 	 507.611111 	 -0.319793
0.072090 	 507.611111 	 -0.293060
0.072135 	 507.611111 	 -0.274916
0.072180 	 507.611111 	 -0.268140
0.072225 	 507.611111 	 -0.273346
0.072270 	 507.611111 	 -0.288885
0.072315 	 507.611111 	 -0.311235
0.072360 	 507.611111 	 -0.335782
0.072405 	 507.611111 	 -0.357797
0.072450 	 507.611111 	 -0.373394
0.072495 	 507.611111 	 -0.380279
0.072540 	 507.611111 	 -0.378155
0.072585 	 507.611111 	 -0.368726
0.072630 	 507.611111 	 -0.355327
0.072675 	 507.611111 	 -0.342243
0.072720 	 507.611111 	 -0.333853
0.072765 	 507.611111 	 -0.333719
0.072810 	 507.611111 	 -0.343787
0.072855 	 507.611111 	 -0.363828
0.072900 	 507.611111 	 -0.391240
0.072945 	 507.611111 	 -0.421284
0.072990 	 507.611111 	 -0.447768
0.073035 	 507.611111 	 -0.464113
0.073080 	 507.611111 	 -0.464632
0.073125 	 507.611111 	 -0.445809
0.073170 	 507.611111 	 -0.407292
0.073215 	 507.611111 	 -0.352356
0.073260 	 507.611111 	 -0.287666
0.073305 	 507.611111 	 -0.222311
0.073350 	 507.611111 	 -0.166232
0.073395 	 507.611111 	 -0.128362
0.073440 	 507.611111 	 -0.114865
0.073485 	 507.611111 	 -0.127896
0.073530 	 507.611111 	 -0.165180
0.073575 	 507.611111 	 -0.220551
0.073620 	 507.611111 	 -0.285307
0.073665 	 507.611111 	 -0.350074
0.073710 	 507.611111 	 -0.406702
0.073755 	 507.611111 	 -0.449726
0.073800 	 507.611111 	 -0.477061
0.073845 	 507.611111 	 -0.489803
0.073890 	 507.611111 	 -0.491273
0.073935 	 507.611111 	 -0.485653
0.073980 	 507.611111 	 -0.476656
0.074025 	 507.611111 	 -0.466644
0.074070 	 507.611111 	 -0.456423
0.074115 	 507.611111 	 -0.445720
0.074160 	 507.611111 	 -0.434071
0.074205 	 507.611111 	 -0.421730
0.074250 	 507.611111 	 -0.410175
0.074295 	 507.611111 	 -0.401950
0.074340 	 507.611111 	 -0.399820
0.074385 	 507.611111 	 -0.405515
0.074430 	 507.611111 	 -0.418530
0.074475 	 507.611111 	 -0.435493
0.074520 	 507.611111 	 -0.450488
0.074565 	 507.611111 	 -0.456411
0.074610 	 507.611111 	 -0.447067
0.074655 	 507.611111 	 -0.419437
0.074700 	 507.611111 	 -0.375360
0.074745 	 507.611111 	 -0.321995
0.074790 	 507.611111 	 -0.270706
0.074835 	 507.611111 	 -0.234494
0.074880 	 507.611111 	 -0.224550
0.074925 	 507.611111 	 -0.246864
0.074970 	 507.611111 	 -0.299899
0.075015 	 507.611111 	 -0.374123
0.075060 	 507.611111 	 -0.453715
0.075105 	 507.611111 	 -0.520128
0.075150 	 507.611111 	 -0.556656
0.075195 	 507.611111 	 -0.552805
0.075240 	 507.611111 	 -0.507286
0.075285 	 507.611111 	 -0.428754
0.075330 	 507.611111 	 -0.334016
0.075375 	 507.611111 	 -0.244101
0.075420 	 507.611111 	 -0.179151
0.075465 	 507.611111 	 -0.153480
0.075510 	 507.611111 	 -0.172076
0.075555 	 507.611111 	 -0.229488
0.075600 	 507.611111 	 -0.311370
0.075645 	 507.611111 	 -0.398227
0.075690 	 507.611111 	 -0.470339
0.075735 	 507.611111 	 -0.512555
0.075780 	 507.611111 	 -0.517750
0.075825 	 507.611111 	 -0.488116
0.075870 	 507.611111 	 -0.434095
0.075915 	 507.611111 	 -0.371349
0.075960 	 507.611111 	 -0.316646
0.076005 	 507.611111 	 -0.283782
0.076050 	 507.611111 	 -0.280553
0.076095 	 507.611111 	 -0.307471
0.076140 	 507.611111 	 -0.358387
0.076185 	 507.611111 	 -0.422666
0.076230 	 507.611111 	 -0.488192
0.076275 	 507.611111 	 -0.544331
0.076320 	 507.611111 	 -0.584086
0.076365 	 507.611111 	 -0.604990
0.076410 	 507.611111 	 -0.608685
0.076455 	 507.611111 	 -0.599483
0.076500 	 507.611111 	 -0.582480
0.076545 	 507.611111 	 -0.561825
0.076590 	 507.611111 	 -0.539665
0.076635 	 507.611111 	 -0.516011
0.076680 	 507.611111 	 -0.489478
0.076725 	 507.611111 	 -0.458582
0.076770 	 507.611111 	 -0.423113
0.076815 	 507.611111 	 -0.385092
0.076860 	 507.611111 	 -0.348965
0.076905 	 507.611111 	 -0.320891
0.076950 	 507.611111 	 -0.307286
0.076995 	 507.611111 	 -0.312989
0.077040 	 507.611111 	 -0.339579
0.077085 	 507.611111 	 -0.384340
0.077130 	 507.611111 	 -0.440231
0.077175 	 507.611111 	 -0.496985
0.077220 	 507.611111 	 -0.543128
0.077265 	 507.611111 	 -0.568494
0.077310 	 507.611111 	 -0.566618
0.077355 	 507.611111 	 -0.536413
0.077400 	 507.611111 	 -0.482687
0.077445 	 507.611111 	 -0.415310
0.077490 	 507.611111 	 -0.347188
0.077535 	 507.611111 	 -0.291507
0.077580 	 507.611111 	 -0.258887
0.077625 	 507.611111 	 -0.255163
0.077670 	 507.611111 	 -0.280302
0.077715 	 507.611111 	 -0.328724
0.077760 	 507.611111 	 -0.390865
0.077805 	 507.611111 	 -0.455548
0.077850 	 507.611111 	 -0.512482
0.077895 	 507.611111 	 -0.554255
0.077940 	 507.611111 	 -0.577351
0.077985 	 507.611111 	 -0.582048
0.078030 	 507.611111 	 -0.571386
0.078075 	 507.611111 	 -0.549667
0.078120 	 507.611111 	 -0.521041
0.078165 	 507.611111 	 -0.488650
0.078210 	 507.611111 	 -0.454546
0.078255 	 507.611111 	 -0.420292
0.078300 	 507.611111 	 -0.387872
0.078345 	 507.611111 	 -0.360407
0.078390 	 507.611111 	 -0.342238
0.078435 	 507.611111 	 -0.338179
0.078480 	 507.611111 	 -0.352085
0.078525 	 507.611111 	 -0.385184
0.078570 	 507.611111 	 -0.434804
0.078615 	 507.611111 	 -0.494056
0.078660 	 507.611111 	 -0.552784
0.078705 	 507.611111 	 -0.599670
0.078750 	 507.611111 	 -0.624977
0.078795 	 507.611111 	 -0.623150
0.078840 	 507.611111 	 -0.594467
0.078885 	 507.611111 	 -0.545171
0.078930 	 507.611111 	 -0.485959
0.078975 	 507.611111 	 -0.429193
0.079020 	 507.611111 	 -0.385626
0.079065 	 507.611111 	 -0.361612
0.079110 	 507.611111 	 -0.357654
0.079155 	 507.611111 	 -0.368726
0.079200 	 507.611111 	 -0.386263
0.079245 	 507.611111 	 -0.401183
0.079290 	 507.611111 	 -0.406964
0.079335 	 507.611111 	 -0.401809
0.079380 	 507.611111 	 -0.389191
0.079425 	 507.611111 	 -0.376632
0.079470 	 507.611111 	 -0.373102
0.079515 	 507.611111 	 -0.385865
0.079560 	 507.611111 	 -0.417815
0.079605 	 507.611111 	 -0.466123
0.079650 	 507.611111 	 -0.522653
0.079695 	 507.611111 	 -0.576017
0.079740 	 507.611111 	 -0.614614
0.079785 	 507.611111 	 -0.629754
0.079830 	 507.611111 	 -0.617944
0.079875 	 507.611111 	 -0.581711
0.079920 	 507.611111 	 -0.528809
0.079965 	 507.611111 	 -0.470132
0.080010 	 507.611111 	 -0.416994
0.080055 	 507.611111 	 -0.378565
0.080100 	 507.611111 	 -0.360129
0.080145 	 507.611111 	 -0.362484
0.080190 	 507.611111 	 -0.382462
0.080235 	 507.611111 	 -0.414203
0.080280 	 507.611111 	 -0.450702
0.080325 	 507.611111 	 -0.485173
0.080370 	 507.611111 	 -0.511979
0.080415 	 507.611111 	 -0.527123
0.080460 	 507.611111 	 -0.528436
0.080505 	 507.611111 	 -0.515677
0.080550 	 507.611111 	 -0.490644
0.080595 	 507.611111 	 -0.457257
0.080640 	 507.611111 	 -0.421407
0.080685 	 507.611111 	 -0.390343
0.080730 	 507.611111 	 -0.371469
0.080775 	 507.611111 	 -0.370677
0.080820 	 507.611111 	 -0.390580
0.080865 	 507.611111 	 -0.429228
0.080910 	 507.611111 	 -0.479853
0.080955 	 507.611111 	 -0.531979
0.081000 	 507.611111 	 -0.573809
0.081045 	 507.611111 	 -0.595343
0.081090 	 507.611111 	 -0.591365
0.081135 	 507.611111 	 -0.563336
0.081180 	 507.611111 	 -0.519465
0.081225 	 507.611111 	 -0.472753
0.081270 	 507.611111 	 -0.437413
0.081315 	 507.611111 	 -0.424665
0.081360 	 507.611111 	 -0.439161
0.081405 	 507.611111 	 -0.477226
0.081450 	 507.611111 	 -0.527596
0.081495 	 507.611111 	 -0.574527
0.081540 	 507.611111 	 -0.602455
0.081585 	 507.611111 	 -0.600789
0.081630 	 507.611111 	 -0.567365
0.081675 	 507.611111 	 -0.509468
0.081720 	 507.611111 	 -0.442002
0.081765 	 507.611111 	 -0.383333
0.081810 	 507.611111 	 -0.349988
0.081855 	 507.611111 	 -0.351838
0.081900 	 507.611111 	 -0.389222
0.081945 	 507.611111 	 -0.452900
0.081990 	 507.611111 	 -0.526806
0.082035 	 507.611111 	 -0.592713
0.082080 	 507.611111 	 -0.635341
0.082125 	 507.611111 	 -0.646354
0.082170 	 507.611111 	 -0.626105
0.082215 	 507.611111 	 -0.582729
0.082260 	 507.611111 	 -0.529055
0.082305 	 507.611111 	 -0.478439
0.082350 	 507.611111 	 -0.440931
0.082395 	 507.611111 	 -0.420959
0.082440 	 507.611111 	 -0.417160
0.082485 	 507.611111 	 -0.424180
0.082530 	 507.611111 	 -0.435593
0.082575 	 507.611111 	 -0.446760
0.082620 	 507.611111 	 -0.456523
0.082665 	 507.611111 	 -0.467153
0.082710 	 507.611111 	 -0.482650
0.082755 	 507.611111 	 -0.506170
0.082800 	 507.611111 	 -0.537659
0.082845 	 507.611111 	 -0.572762
0.082890 	 507.611111 	 -0.603556
0.082935 	 507.611111 	 -0.620959
0.082980 	 507.611111 	 -0.618024
0.083025 	 507.611111 	 -0.592876
0.083070 	 507.611111 	 -0.550167
0.083115 	 507.611111 	 -0.500350
0.083160 	 507.611111 	 -0.456832
0.083205 	 507.611111 	 -0.431876
0.083250 	 507.611111 	 -0.432566
0.083295 	 507.611111 	 -0.458292
0.083340 	 507.611111 	 -0.500687
0.083385 	 507.611111 	 -0.546183
0.083430 	 507.611111 	 -0.580425
0.083475 	 507.611111 	 -0.593098
0.083520 	 507.611111 	 -0.581525
0.083565 	 507.611111 	 -0.551762
0.083610 	 507.611111 	 -0.516675
0.083655 	 507.611111 	 -0.491549
0.083700 	 507.611111 	 -0.488579
0.083745 	 507.611111 	 -0.512119
0.083790 	 507.611111 	 -0.556355
0.083835 	 507.611111 	 -0.606365
0.083880 	 507.611111 	 -0.642410
0.083925 	 507.611111 	 -0.646229
0.083970 	 507.611111 	 -0.607368
0.084015 	 507.611111 	 -0.527523
0.084060 	 507.611111 	 -0.421366
0.084105 	 507.611111 	 -0.313412
0.084150 	 507.611111 	 -0.231646
0.084195 	 507.611111 	 -0.199697
0.084240 	 507.611111 	 -0.229859
0.084285 	 507.611111 	 -0.319101
0.084330 	 507.611111 	 -0.449334
0.084375 	 507.611111 	 -0.591917
0.084420 	 507.611111 	 -0.715119
0.084465 	 507.611111 	 -0.792367
0.084510 	 507.611111 	 -0.808942
0.084555 	 507.611111 	 -0.765289
0.084600 	 507.611111 	 -0.676133
0.084645 	 507.611111 	 -0.565811
0.084690 	 507.611111 	 -0.461266
0.084735 	 507.611111 	 -0.384816
0.084780 	 507.611111 	 -0.348739
0.084825 	 507.611111 	 -0.353158
0.084870 	 507.611111 	 -0.387579
0.084915 	 507.611111 	 -0.435362
0.084960 	 507.611111 	 -0.479512
0.085005 	 507.611111 	 -0.507926
0.085050 	 507.611111 	 -0.516514
0.085095 	 507.611111 	 -0.509428
0.085140 	 507.611111 	 -0.496551
0.085185 	 507.611111 	 -0.489307
0.085230 	 507.611111 	 -0.496280
0.085275 	 507.611111 	 -0.520126
0.085320 	 507.611111 	 -0.556763
0.085365 	 507.611111 	 -0.596976
0.085410 	 507.611111 	 -0.629793
0.085455 	 507.611111 	 -0.646391
0.085500 	 507.611111 	 -0.643161
0.085545 	 507.485873 	 -0.622906
0.085590 	 507.110284 	 -0.593794
0.085635 	 506.484713 	 -0.566449
0.085680 	 505.609778 	 -0.550206
0.085725 	 504.486344 	 -0.549813
0.085770 	 503.115517 	 -0.563725
0.085815 	 501.498651 	 -0.584596
0.085860 	 499.637343 	 -0.601817
0.085905 	 497.533428 	 -0.605295
0.085950 	 495.188983 	 -0.589195
0.085995 	 492.606322 	 -0.554412
0.086040 	 489.787993 	 -0.508898
0.086085 	 486.736778 	 -0.465647
0.086130 	 483.455688 	 -0.438891
0.086175 	 479.947961 	 -0.439635
0.086220 	 476.217059 	 -0.471903
0.086265 	 472.266664 	 -0.530900
0.086310 	 468.100674 	 -0.603727
0.086355 	 463.723200 	 -0.672539
0.086400 	 459.138563 	 -0.719282
0.086445 	 454.351287 	 -0.730685
0.086490 	 449.366097 	 -0.702104
0.086535 	 444.187912 	 -0.639099
0.086580 	 438.821843 	 -0.556292
0.086625 	 433.273185 	 -0.473746
0.086670 	 427.547414 	 -0.411824
0.086715 	 421.650181 	 -0.385887
0.086760 	 415.587305 	 -0.402253
0.086805 	 409.364771 	 -0.456499
0.086850 	 402.988718 	 -0.534574
0.086895 	 396.465440 	 -0.616383
0.086940 	 389.801373 	 -0.680916
0.086985 	 383.003095 	 -0.711548
0.087030 	 376.077314 	 -0.700193
0.087075 	 369.030867 	 -0.649268
0.087120 	 361.870705 	 -0.571030
0.087165 	 354.603897 	 -0.484481
0.087210 	 347.237612 	 -0.410647
0.087255 	 339.779122 	 -0.367402
0.087300 	 332.235785 	 -0.365130
0.087345 	 324.615048 	 -0.404282
0.087390 	 316.924431 	 -0.475403
0.087435 	 309.171522 	 -0.561565
0.087480 	 301.363974 	 -0.642581
0.087525 	 293.509492 	 -0.699908
0.087570 	 285.615827 	 -0.721044
0.087615 	 277.690768 	 -0.702381
0.087660 	 269.742138 	 -0.649854
0.087705 	 261.777781 	 -0.577281
0.087750 	 253.805556 	 -0.502829
0.087795 	 245.833330 	 -0.444509
0.087840 	 237.868973 	 -0.415796
0.087885 	 229.920343 	 -0.422476
0.087930 	 221.995285 	 -0.461491
0.087975 	 214.101619 	 -0.522013
0.088020 	 206.247137 	 -0.588458
0.088065 	 198.439589 	 -0.644581
0.088110 	 190.686681 	 -0.677608
0.088155 	 182.996063 	 -0.681313
0.088200 	 175.375326 	 -0.657288
0.088245 	 167.831990 	 -0.614133
0.088290 	 160.373499 	 -0.564838
0.088335 	 153.007215 	 -0.523104
0.088380 	 145.740406 	 -0.499641
0.088425 	 138.580245 	 -0.499451
0.088470 	 131.533797 	 -0.520807
0.088515 	 124.608016 	 -0.556169
0.088560 	 117.809738 	 -0.594674
0.088605 	 111.145672 	 -0.625445
0.088650 	 104.622393 	 -0.640704
0.088695 	 98.246340 	 -0.637809
0.088740 	 92.023806 	 -0.619665
0.088785 	 85.960930 	 -0.593466
0.088830 	 80.063697 	 -0.568221
0.088875 	 74.337926 	 -0.551879
0.088920 	 68.789268 	 -0.548941
0.088965 	 63.423199 	 -0.559299
0.089010 	 58.245014 	 -0.578587
0.089055 	 53.259824 	 -0.599870
0.089100 	 48.472548 	 -0.616070
0.089145 	 43.887911 	 -0.622300
0.089190 	 39.510437 	 -0.617352
0.089235 	 35.344447 	 -0.603892
0.089280 	 31.394052 	 -0.587351
0.089325 	 27.663150 	 -0.573930
0.089370 	 24.155423 	 -0.568432
0.089415 	 20.874333 	 -0.572659
0.089460 	 17.823118 	 -0.584909
0.089505 	 15.004789 	 -0.600707
0.089550 	 12.422128 	 -0.614486
0.089595 	 10.077683 	 -0.621592
0.089640 	 7.973768 	 -0.619921
0.089685 	 6.112460 	 -0.610596
0.089730 	 4.495594 	 -0.597487
0.089775 	 3.124768 	 -0.585753
0.089820 	 2.001333 	 -0.579942
0.089865 	 1.126398 	 -0.582347
0.089910 	 0.500827 	 -0.592191
0.089955 	 0.125238 	 -0.605946
0.090000 	 0.000000 	 0.000000
