0.000045 	 0.000000 	 0.000000
0.000090 	 0.151253 	 0.614801
0.000135 	 0.604863 	 0.602920
0.000180 	 1.360381 	 0.590986
0.000225 	 2.417063 	 0.583414
0.000270 	 3.773866 	 0.583076
0.000315 	 5.429450 	 0.590181
0.000360 	 7.382181 	 0.602110
0.000405 	 9.630134 	 0.614298
0.000450 	 12.171088 	 0.621848
0.000495 	 15.002537 	 0.621331
0.000540 	 18.121687 	 0.612100
0.000585 	 21.525458 	 0.596655
0.000630 	 25.210492 	 0.579882
0.000675 	 29.173152 	 0.567421
0.000720 	 33.409528 	 0.563711
0.000765 	 37.915438 	 0.570398
0.000810 	 42.686437 	 0.585656
0.000855 	 47.717815 	 0.604685
0.000900 	 53.004607 	 0.621223
0.000945 	 58.541596 	 0.629595
0.000990 	 64.323318 	 0.626589
0.001035 	 70.344066 	 0.612552
0.001080 	 76.597899 	 0.591325
0.001125 	 83.078644 	 0.569049
0.001170 	 89.779907 	 0.552236
0.001215 	 96.695075 	 0.545741
0.001260 	 103.817321 	 0.551287
0.001305 	 111.139619 	 0.566998
0.001350 	 118.654741 	 0.588056
0.001395 	 126.355271 	 0.608223
0.001440 	 134.233609 	 0.621734
0.001485 	 142.281981 	 0.624939
0.001530 	 150.492444 	 0.617219
0.001575 	 158.856895 	 0.600947
0.001620 	 167.367079 	 0.580589
0.001665 	 176.014598 	 0.561295
0.001710 	 184.790917 	 0.547457
0.001755 	 193.687377 	 0.541654
0.001800 	 202.695196 	 0.544248
0.001845 	 211.805485 	 0.553622
0.001890 	 221.009254 	 0.566890
0.001935 	 230.297419 	 0.580781
0.001980 	 239.660815 	 0.592402
0.002025 	 249.090200 	 0.599725
0.002070 	 258.576269 	 0.601754
0.002115 	 268.109660 	 0.598466
0.002160 	 277.680966 	 0.590658
0.002205 	 287.280739 	 0.579790
0.002250 	 296.899508 	 0.567846
0.002295 	 306.527778 	 0.557148
0.002340 	 316.156048 	 0.550029
0.002385 	 325.774816 	 0.548349
0.002430 	 335.374590 	 0.552898
0.002475 	 344.945895 	 0.562907
0.002520 	 354.479287 	 0.575880
0.002565 	 363.965356 	 0.587952
0.002610 	 373.394741 	 0.594821
0.002655 	 382.758136 	 0.593059
0.002700 	 392.046302 	 0.581438
0.002745 	 401.250070 	 0.561788
0.002790 	 410.360360 	 0.538989
0.002835 	 419.368179 	 0.519916
0.002880 	 428.264638 	 0.511531
0.002925 	 437.040958 	 0.518614
0.002970 	 445.688477 	 0.541841
0.003015 	 454.198661 	 0.576909
0.003060 	 462.563112 	 0.615127
0.003105 	 470.773575 	 0.645475
0.003150 	 478.821947 	 0.657649
0.003195 	 486.700285 	 0.645230
0.003240 	 494.400815 	 0.608008
0.003285 	 501.915937 	 0.552642
0.003330 	 509.238234 	 0.491346
0.003375 	 516.360481 	 0.438855
0.003420 	 523.275648 	 0.408482
0.003465 	 529.976911 	 0.408386
0.003510 	 536.457657 	 0.439152
0.003555 	 542.711490 	 0.493407
0.003600 	 548.732238 	 0.557638
0.003645 	 554.513959 	 0.615726
0.003690 	 560.050948 	 0.653205
0.003735 	 565.337740 	 0.661069
0.003780 	 570.369119 	 0.638038
0.003825 	 575.140117 	 0.590713
0.003870 	 579.646028 	 0.531625
0.003915 	 583.882403 	 0.475811
0.003960 	 587.845064 	 0.436922
0.004005 	 591.530098 	 0.423921
0.004050 	 594.933869 	 0.439192
0.004095 	 598.053018 	 0.478427
0.004140 	 600.884467 	 0.532140
0.004185 	 603.425422 	 0.588247
0.004230 	 605.673374 	 0.634971
0.004275 	 607.626106 	 0.663302
0.004320 	 609.281690 	 0.668547
0.004365 	 610.638492 	 0.650749
0.004410 	 611.695174 	 0.614133
0.004455 	 612.450693 	 0.565886
0.004500 	 612.904303 	 0.514665
0.004545 	 613.055556 	 0.469131
0.004590 	 613.055556 	 0.436695
0.004635 	 613.055556 	 0.422545
0.004680 	 613.055556 	 0.428944
0.004725 	 613.055556 	 0.454859
0.004770 	 613.055556 	 0.495973
0.004815 	 613.055556 	 0.545210
0.004860 	 613.055556 	 0.593814
0.004905 	 613.055556 	 0.632913
0.004950 	 613.055556 	 0.655332
0.004995 	 613.055556 	 0.657219
0.005040 	 613.055556 	 0.639048
0.005085 	 613.055556 	 0.605610
0.005130 	 613.055556 	 0.564899
0.005175 	 613.055556 	 0.526102
0.005220 	 613.055556 	 0.497211
0.005265 	 613.055556 	 0.482956
0.005310 	 613.055556 	 0.483684
0.005355 	 613.055556 	 0.495543
0.005400 	 613.055556 	 0.511944
0.005445 	 613.055556 	 0.525843
0.005490 	 613.055556 	 0.532104
0.005535 	 613.055556 	 0.529148
0.005580 	 613.055556 	 0.519347
0.005625 	 613.055556 	 0.508011
0.005670 	 613.055556 	 0.501324
0.005715 	 613.055556 	 0.503963
0.005760 	 613.055556 	 0.517229
0.005805 	 613.055556 	 0.538396
0.005850 	 613.055556 	 0.561504
0.005895 	 613.055556 	 0.579376
0.005940 	 613.055556 	 0.586125
0.005985 	 613.055556 	 0.579285
0.006030 	 613.055556 	 0.560756
0.006075 	 613.055556 	 0.536221
0.006120 	 613.055556 	 0.513174
0.006165 	 613.055556 	 0.498285
0.006210 	 613.055556 	 0.495006
0.006255 	 613.055556 	 0.502325
0.006300 	 613.055556 	 0.515143
0.006345 	 613.055556 	 0.526178
0.006390 	 613.055556 	 0.528752
0.006435 	 613.055556 	 0.519469
0.006480 	 613.055556 	 0.499768
0.006525 	 613.055556 	 0.475740
0.006570 	 613.055556 	 0.456193
0.006615 	 613.055556 	 0.449571
0.006660 	 613.055556 	 0.460800
0.006705 	 613.055556 	 0.489189
0.006750 	 613.055556 	 0.528181
0.006795 	 613.055556 	 0.567144
0.006840 	 613.055556 	 0.594681
0.006885 	 613.055556 	 0.602370
0.006930 	 613.055556 	 0.587663
0.006975 	 613.055556 	 0.554908
0.007020 	 613.055556 	 0.514079
0.007065 	 613.055556 	 0.477579
0.007110 	 613.055556 	 0.456159
0.007155 	 613.055556 	 0.455320
0.007200 	 613.055556 	 0.473434
0.007245 	 613.055556 	 0.502252
0.007290 	 613.055556 	 0.529683
0.007335 	 613.055556 	 0.543953
0.007380 	 613.055556 	 0.537746
0.007425 	 613.055556 	 0.510934
0.007470 	 613.055556 	 0.470900
0.007515 	 613.055556 	 0.430314
0.007560 	 613.055556 	 0.403034
0.007605 	 613.055556 	 0.399483
0.007650 	 613.055556 	 0.423017
0.007695 	 613.055556 	 0.468509
0.007740 	 613.055556 	 0.523653
0.007785 	 613.055556 	 0.572620
0.007830 	 613.055556 	 0.600921
0.007875 	 613.055556 	 0.599938
0.007920 	 613.055556 	 0.569664
0.007965 	 613.055556 	 0.518760
0.008010 	 613.055556 	 0.461929
0.008055 	 613.055556 	 0.415429
0.008100 	 613.055556 	 0.392168
0.008145 	 613.055556 	 0.397896
0.008190 	 613.055556 	 0.429647
0.008235 	 613.055556 	 0.476848
0.008280 	 613.055556 	 0.524703
0.008325 	 613.055556 	 0.558749
0.008370 	 613.055556 	 0.569154
0.008415 	 613.055556 	 0.553478
0.008460 	 613.055556 	 0.517104
0.008505 	 613.055556 	 0.471318
0.008550 	 613.055556 	 0.429739
0.008595 	 613.055556 	 0.404264
0.008640 	 613.055556 	 0.401748
0.008685 	 613.055556 	 0.422359
0.008730 	 613.055556 	 0.459956
0.008775 	 613.055556 	 0.504219
0.008820 	 613.055556 	 0.543786
0.008865 	 613.055556 	 0.569391
0.008910 	 613.055556 	 0.576113
0.008955 	 613.055556 	 0.564189
0.009000 	 613.055556 	 0.538328
0.009045 	 613.055556 	 0.505896
0.009090 	 613.055556 	 0.474650
0.009135 	 613.055556 	 0.450698
0.009180 	 613.055556 	 0.437245
0.009225 	 613.055556 	 0.434303
0.009270 	 613.055556 	 0.439320
0.009315 	 613.055556 	 0.448357
0.009360 	 613.055556 	 0.457410
0.009405 	 613.055556 	 0.463501
0.009450 	 613.055556 	 0.465293
0.009495 	 613.055556 	 0.463181
0.009540 	 613.055556 	 0.458936
0.009585 	 613.055556 	 0.455074
0.009630 	 613.055556 	 0.454112
0.009675 	 613.055556 	 0.457879
0.009720 	 613.055556 	 0.466973
0.009765 	 613.055556 	 0.480456
0.009810 	 613.055556 	 0.495858
0.009855 	 613.055556 	 0.509534
0.009900 	 613.055556 	 0.517385
0.009945 	 613.055556 	 0.515869
0.009990 	 613.055556 	 0.503100
0.010035 	 613.055556 	 0.479762
0.010080 	 613.055556 	 0.449509
0.010125 	 613.055556 	 0.418602
0.010170 	 613.055556 	 0.394707
0.010215 	 613.055556 	 0.385031
0.010260 	 613.055556 	 0.394236
0.010305 	 613.055556 	 0.422714
0.010350 	 613.055556 	 0.465815
0.010395 	 613.055556 	 0.514404
0.010440 	 613.055556 	 0.556803
0.010485 	 613.055556 	 0.581697
0.010530 	 613.055556 	 0.581286
0.010575 	 613.055556 	 0.553753
0.010620 	 613.055556 	 0.504257
0.010665 	 613.055556 	 0.444029
0.010710 	 613.055556 	 0.387685
0.010755 	 613.055556 	 0.349427
0.010800 	 613.055556 	 0.339173
0.010845 	 613.055556 	 0.359721
0.010890 	 613.055556 	 0.405798
0.010935 	 613.055556 	 0.465334
0.010980 	 613.055556 	 0.522647
0.011025 	 613.055556 	 0.562670
0.011070 	 613.055556 	 0.575025
0.011115 	 613.055556 	 0.556764
0.011160 	 613.055556 	 0.512990
0.011205 	 613.055556 	 0.455208
0.011250 	 613.055556 	 0.397921
0.011295 	 613.055556 	 0.354524
0.011340 	 613.055556 	 0.333710
0.011385 	 613.055556 	 0.337415
0.011430 	 613.055556 	 0.360854
0.011475 	 613.055556 	 0.394525
0.011520 	 613.055556 	 0.427495
0.011565 	 613.055556 	 0.450896
0.011610 	 613.055556 	 0.460539
0.011655 	 613.055556 	 0.457858
0.011700 	 613.055556 	 0.448944
0.011745 	 613.055556 	 0.442055
0.011790 	 613.055556 	 0.444447
0.011835 	 613.055556 	 0.459580
0.011880 	 613.055556 	 0.485605
0.011925 	 613.055556 	 0.515617
0.011970 	 613.055556 	 0.539616
0.012015 	 613.055556 	 0.547571
0.012060 	 613.055556 	 0.532647
0.012105 	 613.055556 	 0.493622
0.012150 	 613.055556 	 0.435743
0.012195 	 613.055556 	 0.369750
0.012240 	 613.055556 	 0.309348
0.012285 	 613.055556 	 0.267833
0.012330 	 613.055556 	 0.254796
0.012375 	 613.055556 	 0.273802
0.012420 	 613.055556 	 0.321600
0.012465 	 613.055556 	 0.389035
0.012510 	 613.055556 	 0.463332
0.012555 	 613.055556 	 0.531124
0.012600 	 613.055556 	 0.581408
0.012645 	 613.055556 	 0.607703
0.012690 	 613.055556 	 0.608937
0.012735 	 613.055556 	 0.588963
0.012780 	 613.055556 	 0.554963
0.012825 	 613.055556 	 0.515273
0.012870 	 613.055556 	 0.477257
0.012915 	 613.055556 	 0.445775
0.012960 	 613.055556 	 0.422567
0.013005 	 613.055556 	 0.406608
0.013050 	 613.055556 	 0.395198
0.013095 	 613.055556 	 0.385392
0.013140 	 613.055556 	 0.375294
0.013185 	 613.055556 	 0.364845
0.013230 	 613.055556 	 0.355868
0.013275 	 613.055556 	 0.351414
0.013320 	 613.055556 	 0.354609
0.013365 	 613.055556 	 0.367397
0.013410 	 613.055556 	 0.389554
0.013455 	 613.055556 	 0.418312
0.013500 	 613.055556 	 0.448729
0.013545 	 613.055556 	 0.474752
0.013590 	 613.055556 	 0.490699
0.013635 	 613.055556 	 0.492778
0.013680 	 613.055556 	 0.480202
0.013725 	 613.055556 	 0.455597
0.013770 	 613.055556 	 0.424528
0.013815 	 613.055556 	 0.394252
0.013860 	 613.055556 	 0.371997
0.013905 	 613.055556 	 0.363187
0.013950 	 613.055556 	 0.370097
0.013995 	 613.055556 	 0.391272
0.014040 	 613.055556 	 0.421867
0.014085 	 613.055556 	 0.454835
0.014130 	 613.055556 	 0.482629
0.014175 	 613.055556 	 0.499004
0.014220 	 613.055556 	 0.500430
0.014265 	 613.055556 	 0.486783
0.014310 	 613.055556 	 0.461161
0.014355 	 613.055556 	 0.428924
0.014400 	 613.055556 	 0.396249
0.014445 	 613.055556 	 0.368626
0.014490 	 613.055556 	 0.349671
0.014535 	 613.055556 	 0.340556
0.014580 	 613.055556 	 0.340125
0.014625 	 613.055556 	 0.345590
0.014670 	 613.055556 	 0.353546
0.014715 	 613.055556 	 0.360970
0.014760 	 613.055556 	 0.365936
0.014805 	 613.055556 	 0.367877
0.014850 	 613.055556 	 0.367393
0.014895 	 613.055556 	 0.365743
0.014940 	 613.055556 	 0.364239
0.014985 	 613.055556 	 0.363753
0.015030 	 613.055556 	 0.364494
0.015075 	 613.055556 	 0.366072
0.015120 	 613.055556 	 0.367785
0.015165 	 613.055556 	 0.368983
0.015210 	 613.055556 	 0.369344
0.015255 	 613.055556 	 0.368970
0.015300 	 613.055556 	 0.368284
0.015345 	 613.055556 	 0.367776
0.015390 	 613.055556 	 0.367738
0.015435 	 613.055556 	 0.368091
0.015480 	 613.055556 	 0.368399
0.015525 	 613.055556 	 0.368055
0.015570 	 613.055556 	 0.366589
0.015615 	 613.055556 	 0.363962
0.015660 	 613.055556 	 0.360745
0.015705 	 613.055556 	 0.358087
0.015750 	 613.055556 	 0.357480
0.015795 	 613.055556 	 0.360367
0.015840 	 613.055556 	 0.367709
0.015885 	 613.055556 	 0.379637
0.015930 	 613.055556 	 0.395272
0.015975 	 613.055556 	 0.412770
0.016020 	 613.055556 	 0.429570
0.016065 	 613.055556 	 0.442803
0.016110 	 613.055556 	 0.449758
0.016155 	 613.055556 	 0.448357
0.016200 	 613.055556 	 0.437543
0.016245 	 613.055556 	 0.417564
0.016290 	 613.055556 	 0.390102
0.016335 	 613.055556 	 0.358208
0.016380 	 613.055556 	 0.326040
0.016425 	 613.055556 	 0.298360
0.016470 	 613.055556 	 0.279827
0.016515 	 613.055556 	 0.274165
0.016560 	 613.055556 	 0.283323
0.016605 	 613.055556 	 0.306846
0.016650 	 613.055556 	 0.341611
0.016695 	 613.055556 	 0.382108
0.016740 	 613.055556 	 0.421285
0.016785 	 613.055556 	 0.451860
0.016830 	 613.055556 	 0.467845
0.016875 	 613.055556 	 0.465939
0.016920 	 613.055556 	 0.446424
0.016965 	 613.055556 	 0.413296
0.017010 	 613.055556 	 0.373530
0.017055 	 613.055556 	 0.335614
0.017100 	 613.055556 	 0.307666
0.017145 	 613.055556 	 0.295602
0.017190 	 613.055556 	 0.301795
0.017235 	 613.055556 	 0.324566
0.017280 	 613.055556 	 0.358638
0.017325 	 613.055556 	 0.396408
0.017370 	 613.055556 	 0.429741
0.017415 	 613.055556 	 0.451789
0.017460 	 613.055556 	 0.458426
0.017505 	 613.055556 	 0.448941
0.017550 	 613.055556 	 0.425905
0.017595 	 613.055556 	 0.394307
0.017640 	 613.055556 	 0.360251
0.017685 	 613.055556 	 0.329594
0.017730 	 613.055556 	 0.306845
0.017775 	 613.055556 	 0.294546
0.017820 	 613.055556 	 0.293180
0.017865 	 613.055556 	 0.301501
0.017910 	 613.055556 	 0.317086
0.017955 	 613.055556 	 0.336918
0.018000 	 613.055556 	 0.357840
0.018045 	 613.055556 	 0.376847
0.018090 	 613.055556 	 0.391262
0.018135 	 613.055556 	 0.398902
0.018180 	 613.055556 	 0.398303
0.018225 	 613.055556 	 0.389038
0.018270 	 613.055556 	 0.372048
0.018315 	 613.055556 	 0.349832
0.018360 	 613.055556 	 0.326349
0.018405 	 613.055556 	 0.306513
0.018450 	 613.055556 	 0.295309
0.018495 	 613.055556 	 0.296668
0.018540 	 613.055556 	 0.312387
0.018585 	 613.055556 	 0.341384
0.018630 	 613.055556 	 0.379581
0.018675 	 613.055556 	 0.420514
0.018720 	 613.055556 	 0.456612
0.018765 	 613.055556 	 0.480882
0.018810 	 613.055556 	 0.488591
0.018855 	 613.055556 	 0.478513
0.018900 	 613.055556 	 0.453387
0.018945 	 613.055556 	 0.419428
0.018990 	 613.055556 	 0.384967
0.019035 	 613.055556 	 0.358538
0.019080 	 613.055556 	 0.346846
0.019125 	 613.055556 	 0.353130
0.019170 	 613.055556 	 0.376304
0.019215 	 613.055556 	 0.411087
0.019260 	 613.055556 	 0.449105
0.019305 	 613.055556 	 0.480704
0.019350 	 613.055556 	 0.497063
0.019395 	 613.055556 	 0.492129
0.019440 	 613.055556 	 0.463945
0.019485 	 613.055556 	 0.415097
0.019530 	 613.055556 	 0.352194
0.019575 	 613.055556 	 0.284540
0.019620 	 613.055556 	 0.222298
0.019665 	 613.055556 	 0.174545
0.019710 	 613.055556 	 0.147635
0.019755 	 613.055556 	 0.144160
0.019800 	 613.055556 	 0.162696
0.019845 	 613.055556 	 0.198343
0.019890 	 613.055556 	 0.243875
0.019935 	 613.055556 	 0.291269
0.019980 	 613.055556 	 0.333253
0.020025 	 613.055556 	 0.364583
0.020070 	 613.055556 	 0.382799
0.020115 	 613.055556 	 0.388342
0.020160 	 613.055556 	 0.384074
0.020205 	 613.055556 	 0.374332
0.020250 	 613.055556 	 0.363767
0.020295 	 613.055556 	 0.356245
0.020340 	 613.055556 	 0.354032
0.020385 	 613.055556 	 0.357439
0.020430 	 613.055556 	 0.364952
0.020475 	 613.055556 	 0.373786
0.020520 	 613.055556 	 0.380684
0.020565 	 613.055556 	 0.382765
0.020610 	 613.055556 	 0.378205
0.020655 	 613.055556 	 0.366608
0.020700 	 613.055556 	 0.349015
0.020745 	 613.055556 	 0.327575
0.020790 	 613.055556 	 0.305013
0.020835 	 613.055556 	 0.284039
0.020880 	 613.055556 	 0.266841
0.020925 	 613.055556 	 0.254792
0.020970 	 613.055556 	 0.248377
0.021015 	 613.055556 	 0.247334
0.021060 	 613.055556 	 0.250918
0.021105 	 613.055556 	 0.258180
0.021150 	 613.055556 	 0.268197
0.021195 	 613.055556 	 0.280168
0.021240 	 613.055556 	 0.293416
0.021285 	 613.055556 	 0.307294
0.021330 	 613.055556 	 0.321091
0.021375 	 613.055556 	 0.333980
0.021420 	 613.055556 	 0.345049
0.021465 	 613.055556 	 0.353415
0.021510 	 613.055556 	 0.358393
0.021555 	 613.055556 	 0.359654
0.021600 	 613.055556 	 0.357324
0.021645 	 613.055556 	 0.351983
0.021690 	 613.055556 	 0.344537
0.021735 	 613.055556 	 0.336015
0.021780 	 613.055556 	 0.327318
0.021825 	 613.055556 	 0.318996
0.021870 	 613.055556 	 0.311123
0.021915 	 613.055556 	 0.303303
0.021960 	 613.055556 	 0.294817
0.022005 	 613.055556 	 0.284891
0.022050 	 613.055556 	 0.273023
0.022095 	 613.055556 	 0.259283
0.022140 	 613.055556 	 0.244517
0.022185 	 613.055556 	 0.230373
0.022230 	 613.055556 	 0.219117
0.022275 	 613.055556 	 0.213258
0.022320 	 613.055556 	 0.215031
0.022365 	 613.055556 	 0.225844
0.022410 	 613.055556 	 0.245808
0.022455 	 613.055556 	 0.273485
0.022500 	 613.055556 	 0.305927
0.022545 	 613.055556 	 0.339053
0.022590 	 613.055556 	 0.368313
0.022635 	 613.055556 	 0.389513
0.022680 	 613.055556 	 0.399647
0.022725 	 613.055556 	 0.397537
0.022770 	 613.055556 	 0.384115
0.022815 	 613.055556 	 0.362275
0.022860 	 613.055556 	 0.336295
0.022905 	 613.055556 	 0.310964
0.022950 	 613.055556 	 0.290584
0.022995 	 613.055556 	 0.278115
0.023040 	 613.055556 	 0.274623
0.023085 	 613.055556 	 0.279194
0.023130 	 613.055556 	 0.289301
0.023175 	 613.055556 	 0.301531
0.023220 	 613.055556 	 0.312485
0.023265 	 613.055556 	 0.319606
0.023310 	 613.055556 	 0.321747
0.023355 	 613.055556 	 0.319328
0.023400 	 613.055556 	 0.314081
0.023445 	 613.055556 	 0.308473
0.023490 	 613.055556 	 0.304961
0.023535 	 613.055556 	 0.305314
0.023580 	 613.055556 	 0.310149
0.023625 	 613.055556 	 0.318803
0.023670 	 613.055556 	 0.329537
0.023715 	 613.055556 	 0.340007
0.023760 	 613.055556 	 0.347834
0.023805 	 613.055556 	 0.351148
0.023850 	 613.055556 	 0.348954
0.023895 	 613.055556 	 0.341269
0.023940 	 613.055556 	 0.329019
0.023985 	 613.055556 	 0.313774
0.024030 	 613.055556 	 0.297392
0.024075 	 613.055556 	 0.281686
0.024120 	 613.055556 	 0.268168
0.024165 	 613.055556 	 0.257895
0.024210 	 613.055556 	 0.251424
0.024255 	 613.055556 	 0.248819
0.024300 	 613.055556 	 0.249699
0.024345 	 613.055556 	 0.253296
0.024390 	 613.055556 	 0.258525
0.024435 	 613.055556 	 0.264075
0.024480 	 613.055556 	 0.268557
0.024525 	 613.055556 	 0.270688
0.024570 	 613.055556 	 0.269527
0.024615 	 613.055556 	 0.264689
0.024660 	 613.055556 	 0.256510
0.024705 	 613.055556 	 0.246094
0.024750 	 613.055556 	 0.235211
0.024795 	 613.055556 	 0.226045
0.024840 	 613.055556 	 0.220832
0.024885 	 613.055556 	 0.221447
0.024930 	 613.055556 	 0.229029
0.024975 	 613.055556 	 0.243712
0.025020 	 613.055556 	 0.264523
0.025065 	 613.055556 	 0.289454
0.025110 	 613.055556 	 0.315709
0.025155 	 613.055556 	 0.340070
0.025200 	 613.055556 	 0.359339
0.025245 	 613.055556 	 0.370770
0.025290 	 613.055556 	 0.372457
0.025335 	 613.055556 	 0.363616
0.025380 	 613.055556 	 0.344731
0.025425 	 613.055556 	 0.317539
0.025470 	 613.055556 	 0.284858
0.025515 	 613.055556 	 0.250260
0.025560 	 613.055556 	 0.217621
0.025605 	 613.055556 	 0.190609
0.025650 	 613.055556 	 0.172176
0.025695 	 613.055556 	 0.164138
0.025740 	 613.055556 	 0.166918
0.025785 	 613.055556 	 0.179510
0.025830 	 613.055556 	 0.199677
0.025875 	 613.055556 	 0.224347
0.025920 	 613.055556 	 0.250138
0.025965 	 613.055556 	 0.273897
0.026010 	 613.055556 	 0.293155
0.026055 	 613.055556 	 0.306399
0.026100 	 613.055556 	 0.313118
0.026145 	 613.055556 	 0.313644
0.026190 	 613.055556 	 0.308859
0.026235 	 613.055556 	 0.299843
0.026280 	 613.055556 	 0.287596
0.026325 	 613.055556 	 0.272894
0.026370 	 613.055556 	 0.256312
0.026415 	 613.055556 	 0.238385
0.026460 	 613.055556 	 0.219849
0.026505 	 613.055556 	 0.201840
0.026550 	 613.055556 	 0.185983
0.026595 	 613.055556 	 0.174288
0.026640 	 613.055556 	 0.168879
0.026685 	 613.055556 	 0.171568
0.026730 	 613.055556 	 0.183399
0.026775 	 613.055556 	 0.204263
0.026820 	 613.055556 	 0.232687
0.026865 	 613.055556 	 0.265875
0.026910 	 613.055556 	 0.300014
0.026955 	 613.055556 	 0.330805
0.027000 	 613.055556 	 0.354124
0.027045 	 613.055556 	 0.366710
0.027090 	 613.055556 	 0.366732
0.027135 	 613.055556 	 0.354153
0.027180 	 613.055556 	 0.330808
0.027225 	 613.055556 	 0.300185
0.027270 	 613.055556 	 0.266937
0.027315 	 613.055556 	 0.236212
0.027360 	 613.055556 	 0.212890
0.027405 	 613.055556 	 0.200843
0.027450 	 613.055556 	 0.202347
0.027495 	 613.055556 	 0.217714
0.027540 	 613.055556 	 0.245204
0.027585 	 613.055556 	 0.281248
0.027630 	 613.055556 	 0.320933
0.027675 	 613.055556 	 0.358698
0.027720 	 613.055556 	 0.389132
0.027765 	 613.055556 	 0.407750
0.027810 	 613.055556 	 0.411643
0.027855 	 613.055556 	 0.399888
0.027900 	 613.055556 	 0.373656
0.027945 	 613.055556 	 0.336019
0.027990 	 613.055556 	 0.291468
0.028035 	 613.055556 	 0.245241
0.028080 	 613.055556 	 0.202575
0.028125 	 613.055556 	 0.167994
0.028170 	 613.055556 	 0.144752
0.028215 	 613.055556 	 0.134504
0.028260 	 613.055556 	 0.137249
0.028305 	 613.055556 	 0.151515
0.028350 	 613.055556 	 0.174754
0.028395 	 613.055556 	 0.203826
0.028440 	 613.055556 	 0.235507
0.028485 	 613.055556 	 0.266910
0.028530 	 613.055556 	 0.295767
0.028575 	 613.055556 	 0.320538
0.028620 	 613.055556 	 0.340365
0.028665 	 613.055556 	 0.354924
0.028710 	 613.055556 	 0.364217
0.028755 	 613.055556 	 0.368402
0.028800 	 613.055556 	 0.367683
0.028845 	 613.055556 	 0.362293
0.028890 	 613.055556 	 0.352557
0.028935 	 613.055556 	 0.339005
0.028980 	 613.055556 	 0.322465
0.029025 	 613.055556 	 0.304104
0.029070 	 613.055556 	 0.285368
0.029115 	 613.055556 	 0.267835
0.029160 	 613.055556 	 0.252978
0.029205 	 613.055556 	 0.241924
0.029250 	 613.055556 	 0.235238
0.029295 	 613.055556 	 0.232807
0.029340 	 613.055556 	 0.233852
0.029385 	 613.055556 	 0.237076
0.029430 	 613.055556 	 0.240907
0.029475 	 613.055556 	 0.243801
0.029520 	 613.055556 	 0.244532
0.029565 	 613.055556 	 0.242405
0.029610 	 613.055556 	 0.237366
0.029655 	 613.055556 	 0.229974
0.029700 	 613.055556 	 0.221264
0.029745 	 613.055556 	 0.212536
0.029790 	 613.055556 	 0.205091
0.029835 	 613.055556 	 0.200001
0.029880 	 613.055556 	 0.197905
0.029925 	 613.055556 	 0.198903
0.029970 	 613.055556 	 0.202527
0.030015 	 613.055556 	 0.207812
0.030060 	 613.055556 	 0.213443
0.030105 	 613.055556 	 0.217984
0.030150 	 613.055556 	 0.220134
0.030195 	 613.055556 	 0.218996
0.030240 	 613.055556 	 0.214307
0.030285 	 613.055556 	 0.206575
0.030330 	 613.055556 	 0.197092
0.030375 	 613.055556 	 0.187789
0.030420 	 613.055556 	 0.180937
0.030465 	 613.055556 	 0.178741
0.030510 	 613.055556 	 0.182878
0.030555 	 613.055556 	 0.194094
0.030600 	 613.055556 	 0.211930
0.030645 	 613.055556 	 0.234672
0.030690 	 613.055556 	 0.259530
0.030735 	 613.055556 	 0.283052
0.030780 	 613.055556 	 0.301677
0.030825 	 613.055556 	 0.312334
0.030870 	 613.055556 	 0.312956
0.030915 	 613.055556 	 0.302813
0.030960 	 613.055556 	 0.282594
0.031005 	 613.055556 	 0.254246
0.031050 	 613.055556 	 0.220613
0.031095 	 613.055556 	 0.184960
0.031140 	 613.055556 	 0.150498
0.031185 	 613.055556 	 0.119990
0.031230 	 613.055556 	 0.095501
0.031275 	 613.055556 	 0.078302
0.031320 	 613.055556 	 0.068910
0.031365 	 613.055556 	 0.067206
0.031410 	 613.055556 	 0.072577
0.031455 	 613.055556 	 0.084045
0.031500 	 613.055556 	 0.100352
0.031545 	 613.055556 	 0.120023
0.031590 	 613.055556 	 0.141406
0.031635 	 613.055556 	 0.162744
0.031680 	 613.055556 	 0.182275
0.031725 	 613.055556 	 0.198378
0.031770 	 613.055556 	 0.209741
0.031815 	 613.055556 	 0.215524
0.031860 	 613.055556 	 0.215479
0.031905 	 613.055556 	 0.210007
0.031950 	 613.055556 	 0.200127
0.031995 	 613.055556 	 0.187369
0.032040 	 613.055556 	 0.173603
0.032085 	 613.055556 	 0.160828
0.032130 	 613.055556 	 0.150945
0.032175 	 613.055556 	 0.145542
0.032220 	 613.055556 	 0.145704
0.032265 	 613.055556 	 0.151876
0.032310 	 613.055556 	 0.163774
0.032355 	 613.055556 	 0.180395
0.032400 	 613.055556 	 0.200095
0.032445 	 613.055556 	 0.220780
0.032490 	 613.055556 	 0.240170
0.032535 	 613.055556 	 0.256113
0.032580 	 613.055556 	 0.266913
0.032625 	 613.055556 	 0.271597
0.032670 	 613.055556 	 0.270076
0.032715 	 613.055556 	 0.263166
0.032760 	 613.055556 	 0.252443
0.032805 	 613.055556 	 0.239988
0.032850 	 613.055556 	 0.228031
0.032895 	 613.055556 	 0.218606
0.032940 	 613.055556 	 0.213259
0.032985 	 613.055556 	 0.212859
0.033030 	 613.055556 	 0.217543
0.033075 	 613.055556 	 0.226778
0.033120 	 613.055556 	 0.239504
0.033165 	 613.055556 	 0.254307
0.033210 	 613.055556 	 0.269594
0.033255 	 613.055556 	 0.283730
0.033300 	 613.055556 	 0.295142
0.033345 	 613.055556 	 0.302408
0.033390 	 613.055556 	 0.304334
0.033435 	 613.055556 	 0.300057
0.033480 	 613.055556 	 0.289154
0.033525 	 613.055556 	 0.271750
0.033570 	 613.055556 	 0.248595
0.033615 	 613.055556 	 0.221063
0.033660 	 613.055556 	 0.191068
0.033705 	 613.055556 	 0.160879
0.033750 	 613.055556 	 0.132865
0.033795 	 613.055556 	 0.109212
0.033840 	 613.055556 	 0.091653
0.033885 	 613.055556 	 0.081272
0.033930 	 613.055556 	 0.078403
0.033975 	 613.055556 	 0.082643
0.034020 	 613.055556 	 0.092954
0.034065 	 613.055556 	 0.107839
0.034110 	 613.055556 	 0.125555
0.034155 	 613.055556 	 0.144337
0.034200 	 613.055556 	 0.162595
0.034245 	 613.055556 	 0.179091
0.034290 	 613.055556 	 0.193056
0.034335 	 613.055556 	 0.204259
0.034380 	 613.055556 	 0.212993
0.034425 	 613.055556 	 0.219983
0.034470 	 613.055556 	 0.226209
0.034515 	 613.055556 	 0.232654
0.034560 	 613.055556 	 0.240035
0.034605 	 613.055556 	 0.248544
0.034650 	 613.055556 	 0.257690
0.034695 	 613.055556 	 0.266276
0.034740 	 613.055556 	 0.272557
0.034785 	 613.055556 	 0.274546
0.034830 	 613.055556 	 0.270429
0.034875 	 613.055556 	 0.258993
0.034920 	 613.055556 	 0.239965
0.034965 	 613.055556 	 0.214178
0.035010 	 613.055556 	 0.183518
0.035055 	 613.055556 	 0.150657
0.035100 	 613.055556 	 0.118640
0.035145 	 613.055556 	 0.090410
0.035190 	 613.055556 	 0.068393
0.035235 	 613.055556 	 0.054216
0.035280 	 613.055556 	 0.048615
0.035325 	 613.055556 	 0.051509
0.035370 	 613.055556 	 0.062196
0.035415 	 613.055556 	 0.079595
0.035460 	 613.055556 	 0.102442
0.035505 	 613.055556 	 0.129406
0.035550 	 613.055556 	 0.159100
0.035595 	 613.055556 	 0.190031
0.035640 	 613.055556 	 0.220527
0.035685 	 613.055556 	 0.248715
0.035730 	 613.055556 	 0.272590
0.035775 	 613.055556 	 0.290179
0.035820 	 613.055556 	 0.299778
0.035865 	 613.055556 	 0.300214
0.035910 	 613.055556 	 0.291055
0.035955 	 613.055556 	 0.272730
0.036000 	 613.055556 	 0.246529
0.036045 	 613.055556 	 0.214478
0.036090 	 613.055556 	 0.179118
0.036135 	 613.055556 	 0.143244
0.036180 	 613.055556 	 0.109617
0.036225 	 613.055556 	 0.080709
0.036270 	 613.055556 	 0.058477
0.036315 	 613.055556 	 0.044182
0.036360 	 613.055556 	 0.038271
0.036405 	 613.055556 	 0.040315
0.036450 	 613.055556 	 0.049042
0.036495 	 613.055556 	 0.062483
0.036540 	 613.055556 	 0.078229
0.036585 	 613.055556 	 0.093795
0.036630 	 613.055556 	 0.107043
0.036675 	 613.055556 	 0.116575
0.036720 	 613.055556 	 0.122022
0.036765 	 613.055556 	 0.124132
0.036810 	 613.055556 	 0.124623
0.036855 	 613.055556 	 0.125804
0.036900 	 613.055556 	 0.130034
0.036945 	 613.055556 	 0.139139
0.036990 	 613.055556 	 0.153933
0.037035 	 613.055556 	 0.173941
0.037080 	 613.055556 	 0.197427
0.037125 	 613.055556 	 0.221704
0.037170 	 613.055556 	 0.243661
0.037215 	 613.055556 	 0.260393
0.037260 	 613.055556 	 0.269762
0.037305 	 613.055556 	 0.270791
0.037350 	 613.055556 	 0.263788
0.037395 	 613.055556 	 0.250207
0.037440 	 613.055556 	 0.232290
0.037485 	 613.055556 	 0.212606
0.037530 	 613.055556 	 0.193580
0.037575 	 613.055556 	 0.177133
0.037620 	 613.055556 	 0.164471
0.037665 	 613.055556 	 0.156035
0.037710 	 613.055556 	 0.151584
0.037755 	 613.055556 	 0.150350
0.037800 	 613.055556 	 0.151213
0.037845 	 613.055556 	 0.152865
0.037890 	 613.055556 	 0.153945
0.037935 	 613.055556 	 0.153156
0.037980 	 613.055556 	 0.149394
0.038025 	 613.055556 	 0.141881
0.038070 	 613.055556 	 0.130313
0.038115 	 613.055556 	 0.114993
0.038160 	 613.055556 	 0.096902
0.038205 	 613.055556 	 0.077679
0.038250 	 613.055556 	 0.059481
0.038295 	 613.055556 	 0.044731
0.038340 	 613.055556 	 0.035781
0.038385 	 613.055556 	 0.034559
0.038430 	 613.055556 	 0.042259
0.038475 	 613.055556 	 0.059131
0.038520 	 613.055556 	 0.084418
0.038565 	 613.055556 	 0.116428
0.038610 	 613.055556 	 0.152732
0.038655 	 613.055556 	 0.190446
0.038700 	 613.055556 	 0.226537
0.038745 	 613.055556 	 0.258111
0.038790 	 613.055556 	 0.282666
0.038835 	 613.055556 	 0.298263
0.038880 	 613.055556 	 0.303645
0.038925 	 613.055556 	 0.298289
0.038970 	 613.055556 	 0.282399
0.039015 	 613.055556 	 0.256856
0.039060 	 613.055556 	 0.223128
0.039105 	 613.055556 	 0.183138
0.039150 	 613.055556 	 0.139114
0.039195 	 613.055556 	 0.093430
0.039240 	 613.055556 	 0.048448
0.039285 	 613.055556 	 0.006388
0.039330 	 613.055556 	 -0.030767
0.039375 	 613.055556 	 -0.061346
0.039420 	 613.055556 	 -0.084031
0.039465 	 613.055556 	 -0.097896
0.039510 	 613.055556 	 -0.102444
0.039555 	 613.055556 	 -0.097651
0.039600 	 613.055556 	 -0.084003
0.039645 	 613.055556 	 -0.062512
0.039690 	 613.055556 	 -0.034678
0.039735 	 613.055556 	 -0.002404
0.039780 	 613.055556 	 0.032173
0.039825 	 613.055556 	 0.066879
0.039870 	 613.055556 	 0.099725
0.039915 	 613.055556 	 0.129091
0.039960 	 613.055556 	 0.153839
0.040005 	 613.055556 	 0.173335
0.040050 	 613.055556 	 0.187378
0.040095 	 613.055556 	 0.196058
0.040140 	 613.055556 	 0.199600
0.040185 	 613.055556 	 0.198242
0.040230 	 613.055556 	 0.192168
0.040275 	 613.055556 	 0.181541
0.040320 	 613.055556 	 0.166597
0.040365 	 613.055556 	 0.147775
0.040410 	 613.055556 	 0.125839
0.040455 	 613.055556 	 0.101931
0.040500 	 613.055556 	 0.077549
0.040545 	 613.055556 	 0.054427
0.040590 	 613.055556 	 0.034347
0.040635 	 613.055556 	 0.018929
0.040680 	 613.055556 	 0.009437
0.040725 	 613.055556 	 0.006635
0.040770 	 613.055556 	 0.010721
0.040815 	 613.055556 	 0.021338
0.040860 	 613.055556 	 0.037643
0.040905 	 613.055556 	 0.058410
0.040950 	 613.055556 	 0.082157
0.040995 	 613.055556 	 0.107263
0.041040 	 613.055556 	 0.132086
0.041085 	 613.055556 	 0.155070
0.041130 	 613.055556 	 0.174841
0.041175 	 613.055556 	 0.190302
0.041220 	 613.055556 	 0.200699
0.041265 	 613.055556 	 0.205667
0.041310 	 613.055556 	 0.205222
0.041355 	 613.055556 	 0.199723
0.041400 	 613.055556 	 0.189788
0.041445 	 613.055556 	 0.176195
0.041490 	 613.055556 	 0.159788
0.041535 	 613.055556 	 0.141416
0.041580 	 613.055556 	 0.121908
0.041625 	 613.055556 	 0.102082
0.041670 	 613.055556 	 0.082779
0.041715 	 613.055556 	 0.064886
0.041760 	 613.055556 	 0.049330
0.041805 	 613.055556 	 0.037017
0.041850 	 613.055556 	 0.028744
0.041895 	 613.055556 	 0.025076
0.041940 	 613.055556 	 0.026240
0.041985 	 613.055556 	 0.032066
0.042030 	 613.055556 	 0.041988
0.042075 	 613.055556 	 0.055115
0.042120 	 613.055556 	 0.070349
0.042165 	 613.055556 	 0.086522
0.042210 	 613.055556 	 0.102512
0.042255 	 613.055556 	 0.117313
0.042300 	 613.055556 	 0.130053
0.042345 	 613.055556 	 0.139970
0.042390 	 613.055556 	 0.146371
0.042435 	 613.055556 	 0.148626
0.042480 	 613.055556 	 0.146190
0.042525 	 613.055556 	 0.138693
0.042570 	 613.055556 	 0.126053
0.042615 	 613.055556 	 0.108598
0.042660 	 613.055556 	 0.087148
0.042705 	 613.055556 	 0.063014
0.042750 	 613.055556 	 0.037918
0.042795 	 613.055556 	 0.013826
0.042840 	 613.055556 	 -0.007273
0.042885 	 613.055556 	 -0.023587
0.042930 	 613.055556 	 -0.033719
0.042975 	 613.055556 	 -0.036792
0.043020 	 613.055556 	 -0.032506
0.043065 	 613.055556 	 -0.021120
0.043110 	 613.055556 	 -0.003393
0.043155 	 613.055556 	 0.019515
0.043200 	 613.055556 	 0.046144
0.043245 	 613.055556 	 0.074849
0.043290 	 613.055556 	 0.103925
0.043335 	 613.055556 	 0.131749
0.043380 	 613.055556 	 0.156928
0.043425 	 613.055556 	 0.178448
0.043470 	 613.055556 	 0.195789
0.043515 	 613.055556 	 0.208974
0.043560 	 613.055556 	 0.218528
0.043605 	 613.055556 	 0.225325
0.043650 	 613.055556 	 0.230351
0.043695 	 613.055556 	 0.234431
0.043740 	 613.055556 	 0.237963
0.043785 	 613.055556 	 0.240751
0.043830 	 613.055556 	 0.241969
0.043875 	 613.055556 	 0.240284
0.043920 	 613.055556 	 0.234116
0.043965 	 613.055556 	 0.221982
0.044010 	 613.055556 	 0.202849
0.044055 	 613.055556 	 0.176412
0.044100 	 613.055556 	 0.143248
0.044145 	 613.055556 	 0.104801
0.044190 	 613.055556 	 0.063231
0.044235 	 613.055556 	 0.021137
0.044280 	 613.055556 	 -0.018759
0.044325 	 613.055556 	 -0.053931
0.044370 	 613.055556 	 -0.082305
0.044415 	 613.055556 	 -0.102437
0.044460 	 613.055556 	 -0.113603
0.044505 	 613.055556 	 -0.115815
0.044550 	 613.055556 	 -0.109767
0.044595 	 613.055556 	 -0.096743
0.044640 	 613.055556 	 -0.078486
0.044685 	 613.055556 	 -0.057038
0.044730 	 613.055556 	 -0.034558
0.044775 	 613.055556 	 -0.013121
0.044820 	 613.055556 	 0.005467
0.044865 	 613.055556 	 0.019836
0.044910 	 613.055556 	 0.029157
0.044955 	 613.055556 	 0.033185
0.045000 	 613.055556 	 0.032218
0.045045 	 613.055556 	 0.026999
0.045090 	 613.055556 	 0.018580
0.045135 	 613.055556 	 0.008184
0.045180 	 613.055556 	 -0.002918
0.045225 	 613.055556 	 -0.013485
0.045270 	 613.055556 	 -0.022352
0.045315 	 613.055556 	 -0.028457
0.045360 	 613.055556 	 -0.030875
0.045405 	 613.055556 	 -0.028875
0.045450 	 613.055556 	 -0.022014
0.045495 	 613.055556 	 -0.010252
0.045540 	 613.055556 	 0.005940
0.045585 	 613.055556 	 0.025515
0.045630 	 613.055556 	 0.046857
0.045675 	 613.055556 	 0.067894
0.045720 	 613.055556 	 0.086293
0.045765 	 613.055556 	 0.099732
0.045810 	 613.055556 	 0.106188
0.045855 	 613.055556 	 0.104199
0.045900 	 613.055556 	 0.093058
0.045945 	 613.055556 	 0.072896
0.045990 	 613.055556 	 0.044667
0.046035 	 613.055556 	 0.010024
0.046080 	 613.055556 	 -0.028874
0.046125 	 613.055556 	 -0.069599
0.046170 	 613.055556 	 -0.109696
0.046215 	 613.055556 	 -0.146927
0.046260 	 613.055556 	 -0.179461
0.046305 	 613.055556 	 -0.206034
0.046350 	 613.055556 	 -0.226030
0.046395 	 613.055556 	 -0.239494
0.046440 	 613.055556 	 -0.247064
0.046485 	 613.055556 	 -0.249810
0.046530 	 613.055556 	 -0.249023
0.046575 	 613.055556 	 -0.245955
0.046620 	 613.055556 	 -0.241582
0.046665 	 613.055556 	 -0.236416
0.046710 	 613.055556 	 -0.230425
0.046755 	 613.055556 	 -0.223069
0.046800 	 613.055556 	 -0.213469
0.046845 	 613.055556 	 -0.200642
0.046890 	 613.055556 	 -0.183794
0.046935 	 613.055556 	 -0.162565
0.046980 	 613.055556 	 -0.137199
0.047025 	 613.055556 	 -0.108595
0.047070 	 613.055556 	 -0.078231
0.047115 	 613.055556 	 -0.047986
0.047160 	 613.055556 	 -0.019900
0.047205 	 613.055556 	 0.004074
0.047250 	 613.055556 	 0.022293
0.047295 	 613.055556 	 0.033580
0.047340 	 613.055556 	 0.037310
0.047385 	 613.055556 	 0.033437
0.047430 	 613.055556 	 0.022463
0.047475 	 613.055556 	 0.005384
0.047520 	 613.055556 	 -0.016400
0.047565 	 613.055556 	 -0.041188
0.047610 	 613.055556 	 -0.067112
0.047655 	 613.055556 	 -0.092284
0.047700 	 613.055556 	 -0.114956
0.047745 	 613.055556 	 -0.133682
0.047790 	 613.055556 	 -0.147435
0.047835 	 613.055556 	 -0.155684
0.047880 	 613.055556 	 -0.158390
0.047925 	 613.055556 	 -0.155940
0.047970 	 613.055556 	 -0.149030
0.048015 	 613.055556 	 -0.138529
0.048060 	 613.055556 	 -0.125362
0.048105 	 613.055556 	 -0.110432
0.048150 	 613.055556 	 -0.094606
0.048195 	 613.055556 	 -0.078737
0.048240 	 613.055556 	 -0.063707
0.048285 	 613.055556 	 -0.050455
0.048330 	 613.055556 	 -0.039960
0.048375 	 613.055556 	 -0.033163
0.048420 	 613.055556 	 -0.030850
0.048465 	 613.055556 	 -0.033514
0.048510 	 613.055556 	 -0.041242
0.048555 	 613.055556 	 -0.053665
0.048600 	 613.055556 	 -0.069978
0.048645 	 613.055556 	 -0.089051
0.048690 	 613.055556 	 -0.109580
0.048735 	 613.055556 	 -0.130250
0.048780 	 613.055556 	 -0.149870
0.048825 	 613.055556 	 -0.167449
0.048870 	 613.055556 	 -0.182200
0.048915 	 613.055556 	 -0.193503
0.048960 	 613.055556 	 -0.200845
0.049005 	 613.055556 	 -0.203776
0.049050 	 613.055556 	 -0.201922
0.049095 	 613.055556 	 -0.195034
0.049140 	 613.055556 	 -0.183097
0.049185 	 613.055556 	 -0.166428
0.049230 	 613.055556 	 -0.145754
0.049275 	 613.055556 	 -0.122232
0.049320 	 613.055556 	 -0.097375
0.049365 	 613.055556 	 -0.072930
0.049410 	 613.055556 	 -0.050688
0.049455 	 613.055556 	 -0.032297
0.049500 	 613.055556 	 -0.019091
0.049545 	 613.055556 	 -0.011975
0.049590 	 613.055556 	 -0.011364
0.049635 	 613.055556 	 -0.017183
0.049680 	 613.055556 	 -0.028908
0.049725 	 613.055556 	 -0.045642
0.049770 	 613.055556 	 -0.066191
0.049815 	 613.055556 	 -0.089166
0.049860 	 613.055556 	 -0.113078
0.049905 	 613.055556 	 -0.136441
0.049950 	 613.055556 	 -0.157880
0.049995 	 613.055556 	 -0.176221
0.050040 	 613.055556 	 -0.190559
0.050085 	 613.055556 	 -0.200285
0.050130 	 613.055556 	 -0.205064
0.050175 	 613.055556 	 -0.204777
0.050220 	 613.055556 	 -0.199433
0.050265 	 613.055556 	 -0.189100
0.050310 	 613.055556 	 -0.173860
0.050355 	 613.055556 	 -0.153839
0.050400 	 613.055556 	 -0.129280
0.050445 	 613.055556 	 -0.100670
0.050490 	 613.055556 	 -0.068858
0.050535 	 613.055556 	 -0.035142
0.050580 	 613.055556 	 -0.001262
0.050625 	 613.055556 	 0.030696
0.050670 	 613.055556 	 0.058493
0.050715 	 613.055556 	 0.079984
0.050760 	 613.055556 	 0.093374
0.050805 	 613.055556 	 0.097427
0.050850 	 613.055556 	 0.091584
0.050895 	 613.055556 	 0.075982
0.050940 	 613.055556 	 0.051382
0.050985 	 613.055556 	 0.019037
0.051030 	 613.055556 	 -0.019449
0.051075 	 613.055556 	 -0.062245
0.051120 	 613.055556 	 -0.107366
0.051165 	 613.055556 	 -0.152713
0.051210 	 613.055556 	 -0.196090
0.051255 	 613.055556 	 -0.235246
0.051300 	 613.055556 	 -0.267962
0.051345 	 613.055556 	 -0.292197
0.051390 	 613.055556 	 -0.306293
0.051435 	 613.055556 	 -0.309202
0.051480 	 613.055556 	 -0.300678
0.051525 	 613.055556 	 -0.281400
0.051570 	 613.055556 	 -0.252987
0.051615 	 613.055556 	 -0.217877
0.051660 	 613.055556 	 -0.179092
0.051705 	 613.055556 	 -0.139925
0.051750 	 613.055556 	 -0.103586
0.051795 	 613.055556 	 -0.072869
0.051840 	 613.055556 	 -0.049885
0.051885 	 613.055556 	 -0.035881
0.051930 	 613.055556 	 -0.031174
0.051975 	 613.055556 	 -0.035186
0.052020 	 613.055556 	 -0.046571
0.052065 	 613.055556 	 -0.063410
0.052110 	 613.055556 	 -0.083448
0.052155 	 613.055556 	 -0.104352
0.052200 	 613.055556 	 -0.123966
0.052245 	 613.055556 	 -0.140528
0.052290 	 613.055556 	 -0.152852
0.052335 	 613.055556 	 -0.160431
0.052380 	 613.055556 	 -0.163469
0.052425 	 613.055556 	 -0.162833
0.052470 	 613.055556 	 -0.159914
0.052515 	 613.055556 	 -0.156435
0.052560 	 613.055556 	 -0.154208
0.052605 	 613.055556 	 -0.154868
0.052650 	 613.055556 	 -0.159623
0.052695 	 613.055556 	 -0.169051
0.052740 	 613.055556 	 -0.182960
0.052785 	 613.055556 	 -0.200361
0.052830 	 613.055556 	 -0.219546
0.052875 	 613.055556 	 -0.238293
0.052920 	 613.055556 	 -0.254172
0.052965 	 613.055556 	 -0.264917
0.053010 	 613.055556 	 -0.268816
0.053055 	 613.055556 	 -0.265032
0.053100 	 613.055556 	 -0.253810
0.053145 	 613.055556 	 -0.236492
0.053190 	 613.055556 	 -0.215326
0.053235 	 613.055556 	 -0.193093
0.053280 	 613.055556 	 -0.172599
0.053325 	 613.055556 	 -0.156144
0.053370 	 613.055556 	 -0.145071
0.053415 	 613.055556 	 -0.139512
0.053460 	 613.055556 	 -0.138376
0.053505 	 613.055556 	 -0.139617
0.053550 	 613.055556 	 -0.140706
0.053595 	 613.055556 	 -0.139215
0.053640 	 613.055556 	 -0.133385
0.053685 	 613.055556 	 -0.122539
0.053730 	 613.055556 	 -0.107266
0.053775 	 613.055556 	 -0.089328
0.053820 	 613.055556 	 -0.071332
0.053865 	 613.055556 	 -0.056236
0.053910 	 613.055556 	 -0.046812
0.053955 	 613.055556 	 -0.045181
0.054000 	 613.055556 	 -0.052486
0.054045 	 613.055556 	 -0.068770
0.054090 	 613.055556 	 -0.093037
0.054135 	 613.055556 	 -0.123445
0.054180 	 613.055556 	 -0.157588
0.054225 	 613.055556 	 -0.192789
0.054270 	 613.055556 	 -0.226362
0.054315 	 613.055556 	 -0.255826
0.054360 	 613.055556 	 -0.279071
0.054405 	 613.055556 	 -0.294487
0.054450 	 613.055556 	 -0.301057
0.054495 	 613.055556 	 -0.298424
0.054540 	 613.055556 	 -0.286924
0.054585 	 613.055556 	 -0.267558
0.054630 	 613.055556 	 -0.241902
0.054675 	 613.055556 	 -0.211955
0.054720 	 613.055556 	 -0.179945
0.054765 	 613.055556 	 -0.148126
0.054810 	 613.055556 	 -0.118600
0.054855 	 613.055556 	 -0.093186
0.054900 	 613.055556 	 -0.073366
0.054945 	 613.055556 	 -0.060258
0.054990 	 613.055556 	 -0.054629
0.055035 	 613.055556 	 -0.056879
0.055080 	 613.055556 	 -0.066998
0.055125 	 613.055556 	 -0.084491
0.055170 	 613.055556 	 -0.108298
0.055215 	 613.055556 	 -0.136764
0.055260 	 613.055556 	 -0.167694
0.055305 	 613.055556 	 -0.198535
0.055350 	 613.055556 	 -0.226672
0.055395 	 613.055556 	 -0.249800
0.055440 	 613.055556 	 -0.266282
0.055485 	 613.055556 	 -0.275420
0.055530 	 613.055556 	 -0.277551
0.055575 	 613.055556 	 -0.273942
0.055620 	 613.055556 	 -0.266487
0.055665 	 613.055556 	 -0.257287
0.055710 	 613.055556 	 -0.248195
0.055755 	 613.055556 	 -0.240455
0.055800 	 613.055556 	 -0.234493
0.055845 	 613.055556 	 -0.229926
0.055890 	 613.055556 	 -0.225753
0.055935 	 613.055556 	 -0.220679
0.055980 	 613.055556 	 -0.213479
0.056025 	 613.055556 	 -0.203309
0.056070 	 613.055556 	 -0.189913
0.056115 	 613.055556 	 -0.173675
0.056160 	 613.055556 	 -0.155554
0.056205 	 613.055556 	 -0.136922
0.056250 	 613.055556 	 -0.119368
0.056295 	 613.055556 	 -0.104508
0.056340 	 613.055556 	 -0.093828
0.056385 	 613.055556 	 -0.088563
0.056430 	 613.055556 	 -0.089594
0.056475 	 613.055556 	 -0.097370
0.056520 	 613.055556 	 -0.111827
0.056565 	 613.055556 	 -0.132332
0.056610 	 613.055556 	 -0.157669
0.056655 	 613.055556 	 -0.186092
0.056700 	 613.055556 	 -0.215471
0.056745 	 613.055556 	 -0.243510
0.056790 	 613.055556 	 -0.268020
0.056835 	 613.055556 	 -0.287203
0.056880 	 613.055556 	 -0.299869
0.056925 	 613.055556 	 -0.305571
0.056970 	 613.055556 	 -0.304616
0.057015 	 613.055556 	 -0.297960
0.057060 	 613.055556 	 -0.287034
0.057105 	 613.055556 	 -0.273523
0.057150 	 613.055556 	 -0.259173
0.057195 	 613.055556 	 -0.245619
0.057240 	 613.055556 	 -0.234281
0.057285 	 613.055556 	 -0.226279
0.057330 	 613.055556 	 -0.222375
0.057375 	 613.055556 	 -0.222905
0.057420 	 613.055556 	 -0.227718
0.057465 	 613.055556 	 -0.236118
0.057510 	 613.055556 	 -0.246868
0.057555 	 613.055556 	 -0.258268
0.057600 	 613.055556 	 -0.268340
0.057645 	 613.055556 	 -0.275095
0.057690 	 613.055556 	 -0.276869
0.057735 	 613.055556 	 -0.272632
0.057780 	 613.055556 	 -0.262218
0.057825 	 613.055556 	 -0.246409
0.057870 	 613.055556 	 -0.226841
0.057915 	 613.055556 	 -0.205748
0.057960 	 613.055556 	 -0.185597
0.058005 	 613.055556 	 -0.168676
0.058050 	 613.055556 	 -0.156745
0.058095 	 613.055556 	 -0.150789
0.058140 	 613.055556 	 -0.150926
0.058185 	 613.055556 	 -0.156467
0.058230 	 613.055556 	 -0.166081
0.058275 	 613.055556 	 -0.178035
0.058320 	 613.055556 	 -0.190436
0.058365 	 613.055556 	 -0.201455
0.058410 	 613.055556 	 -0.209489
0.058455 	 613.055556 	 -0.213284
0.058500 	 613.055556 	 -0.212014
0.058545 	 613.055556 	 -0.205329
0.058590 	 613.055556 	 -0.193383
0.058635 	 613.055556 	 -0.176841
0.058680 	 613.055556 	 -0.156841
0.058725 	 613.055556 	 -0.134927
0.058770 	 613.055556 	 -0.112930
0.058815 	 613.055556 	 -0.092816
0.058860 	 613.055556 	 -0.076519
0.058905 	 613.055556 	 -0.065769
0.058950 	 613.055556 	 -0.061952
0.058995 	 613.055556 	 -0.065988
0.059040 	 613.055556 	 -0.078245
0.059085 	 613.055556 	 -0.098478
0.059130 	 613.055556 	 -0.125780
0.059175 	 613.055556 	 -0.158575
0.059220 	 613.055556 	 -0.194652
0.059265 	 613.055556 	 -0.231268
0.059310 	 613.055556 	 -0.265367
0.059355 	 613.055556 	 -0.293884
0.059400 	 613.055556 	 -0.314143
0.059445 	 613.055556 	 -0.324271
0.059490 	 613.055556 	 -0.323553
0.059535 	 613.055556 	 -0.312641
0.059580 	 613.055556 	 -0.293533
0.059625 	 613.055556 	 -0.269306
0.059670 	 613.055556 	 -0.243629
0.059715 	 613.055556 	 -0.220135
0.059760 	 613.055556 	 -0.201795
0.059805 	 613.055556 	 -0.190419
0.059850 	 613.055556 	 -0.186402
0.059895 	 613.055556 	 -0.188776
0.059940 	 613.055556 	 -0.195529
0.059985 	 613.055556 	 -0.204140
0.060030 	 613.055556 	 -0.212158
0.060075 	 613.055556 	 -0.217719
0.060120 	 613.055556 	 -0.219874
0.060165 	 613.055556 	 -0.218666
0.060210 	 613.055556 	 -0.214981
0.060255 	 613.055556 	 -0.210218
0.060300 	 613.055556 	 -0.205907
0.060345 	 613.055556 	 -0.203338
0.060390 	 613.055556 	 -0.203324
0.060435 	 613.055556 	 -0.206094
0.060480 	 613.055556 	 -0.211337
0.060525 	 613.055556 	 -0.218341
0.060570 	 613.055556 	 -0.226171
0.060615 	 613.055556 	 -0.233854
0.060660 	 613.055556 	 -0.240518
0.060705 	 613.055556 	 -0.245495
0.060750 	 613.055556 	 -0.248392
0.060795 	 613.055556 	 -0.249136
0.060840 	 613.055556 	 -0.248003
0.060885 	 613.055556 	 -0.245625
0.060930 	 613.055556 	 -0.242948
0.060975 	 613.055556 	 -0.241137
0.061020 	 613.055556 	 -0.241414
0.061065 	 613.055556 	 -0.244850
0.061110 	 613.055556 	 -0.252150
0.061155 	 613.055556 	 -0.263482
0.061200 	 613.055556 	 -0.278397
0.061245 	 613.055556 	 -0.295868
0.061290 	 613.055556 	 -0.314449
0.061335 	 613.055556 	 -0.332505
0.061380 	 613.055556 	 -0.348462
0.061425 	 613.055556 	 -0.361011
0.061470 	 613.055556 	 -0.369211
0.061515 	 613.055556 	 -0.372479
0.061560 	 613.055556 	 -0.370506
0.061605 	 613.055556 	 -0.363126
0.061650 	 613.055556 	 -0.350246
0.061695 	 613.055556 	 -0.331855
0.061740 	 613.055556 	 -0.308146
0.061785 	 613.055556 	 -0.279728
0.061830 	 613.055556 	 -0.247853
0.061875 	 613.055556 	 -0.214558
0.061920 	 613.055556 	 -0.182664
0.061965 	 613.055556 	 -0.155554
0.062010 	 613.055556 	 -0.136754
0.062055 	 613.055556 	 -0.129373
0.062100 	 613.055556 	 -0.135507
0.062145 	 613.055556 	 -0.155746
0.062190 	 613.055556 	 -0.188888
0.062235 	 613.055556 	 -0.231944
0.062280 	 613.055556 	 -0.280451
0.062325 	 613.055556 	 -0.329038
0.062370 	 613.055556 	 -0.372165
0.062415 	 613.055556 	 -0.404897
0.062460 	 613.055556 	 -0.423592
0.062505 	 613.055556 	 -0.426404
0.062550 	 613.055556 	 -0.413527
0.062595 	 613.055556 	 -0.387154
0.062640 	 613.055556 	 -0.351166
0.062685 	 613.055556 	 -0.310595
0.062730 	 613.055556 	 -0.270941
0.062775 	 613.055556 	 -0.237423
0.062820 	 613.055556 	 -0.214268
0.062865 	 613.055556 	 -0.204136
0.062910 	 613.055556 	 -0.207750
0.062955 	 613.055556 	 -0.223813
0.063000 	 613.055556 	 -0.249220
0.063045 	 613.055556 	 -0.279539
0.063090 	 613.055556 	 -0.309713
0.063135 	 613.055556 	 -0.334841
0.063180 	 613.055556 	 -0.350944
0.063225 	 613.055556 	 -0.355557
0.063270 	 613.055556 	 -0.348060
0.063315 	 613.055556 	 -0.329688
0.063360 	 613.055556 	 -0.303241
0.063405 	 613.055556 	 -0.272532
0.063450 	 613.055556 	 -0.241726
0.063495 	 613.055556 	 -0.214657
0.063540 	 613.055556 	 -0.194277
0.063585 	 613.055556 	 -0.182326
0.063630 	 613.055556 	 -0.179232
0.063675 	 613.055556 	 -0.184264
0.063720 	 613.055556 	 -0.195845
0.063765 	 613.055556 	 -0.211953
0.063810 	 613.055556 	 -0.230510
0.063855 	 613.055556 	 -0.249679
0.063900 	 613.055556 	 -0.268039
0.063945 	 613.055556 	 -0.284610
0.063990 	 613.055556 	 -0.298767
0.064035 	 613.055556 	 -0.310094
0.064080 	 613.055556 	 -0.318220
0.064125 	 613.055556 	 -0.322712
0.064170 	 613.055556 	 -0.323048
0.064215 	 613.055556 	 -0.318685
0.064260 	 613.055556 	 -0.309224
0.064305 	 613.055556 	 -0.294613
0.064350 	 613.055556 	 -0.275352
0.064395 	 613.055556 	 -0.252641
0.064440 	 613.055556 	 -0.228403
0.064485 	 613.055556 	 -0.205165
0.064530 	 613.055556 	 -0.185778
0.064575 	 613.055556 	 -0.173016
0.064620 	 613.055556 	 -0.169118
0.064665 	 613.055556 	 -0.175351
0.064710 	 613.055556 	 -0.191696
0.064755 	 613.055556 	 -0.216735
0.064800 	 613.055556 	 -0.247777
0.064845 	 613.055556 	 -0.281217
0.064890 	 613.055556 	 -0.313075
0.064935 	 613.055556 	 -0.339612
0.064980 	 613.055556 	 -0.357909
0.065025 	 613.055556 	 -0.366289
0.065070 	 613.055556 	 -0.364522
0.065115 	 613.055556 	 -0.353758
0.065160 	 613.055556 	 -0.336238
0.065205 	 613.055556 	 -0.314843
0.065250 	 613.055556 	 -0.292585
0.065295 	 613.055556 	 -0.272145
0.065340 	 613.055556 	 -0.255535
0.065385 	 613.055556 	 -0.243927
0.065430 	 613.055556 	 -0.237648
0.065475 	 613.055556 	 -0.236310
0.065520 	 613.055556 	 -0.239004
0.065565 	 613.055556 	 -0.244520
0.065610 	 613.055556 	 -0.251541
0.065655 	 613.055556 	 -0.258788
0.065700 	 613.055556 	 -0.265135
0.065745 	 613.055556 	 -0.269696
0.065790 	 613.055556 	 -0.271898
0.065835 	 613.055556 	 -0.271562
0.065880 	 613.055556 	 -0.268950
0.065925 	 613.055556 	 -0.264787
0.065970 	 613.055556 	 -0.260204
0.066015 	 613.055556 	 -0.256597
0.066060 	 613.055556 	 -0.255403
0.066105 	 613.055556 	 -0.257823
0.066150 	 613.055556 	 -0.264546
0.066195 	 613.055556 	 -0.275539
0.066240 	 613.055556 	 -0.289960
0.066285 	 613.055556 	 -0.306234
0.066330 	 613.055556 	 -0.322304
0.066375 	 613.055556 	 -0.335995
0.066420 	 613.055556 	 -0.345444
0.066465 	 613.055556 	 -0.349493
0.066510 	 613.055556 	 -0.347954
0.066555 	 613.055556 	 -0.341678
0.066600 	 613.055556 	 -0.332409
0.066645 	 613.055556 	 -0.322423
0.066690 	 613.055556 	 -0.314041
0.066735 	 613.055556 	 -0.309110
0.066780 	 613.055556 	 -0.308563
0.066825 	 613.055556 	 -0.312184
0.066870 	 613.055556 	 -0.318626
0.066915 	 613.055556 	 -0.325712
0.066960 	 613.055556 	 -0.330957
0.067005 	 613.055556 	 -0.332203
0.067050 	 613.055556 	 -0.328224
0.067095 	 613.055556 	 -0.319153
0.067140 	 613.055556 	 -0.306595
0.067185 	 613.055556 	 -0.293386
0.067230 	 613.055556 	 -0.283027
0.067275 	 613.055556 	 -0.278877
0.067320 	 613.055556 	 -0.283320
0.067365 	 613.055556 	 -0.297075
0.067410 	 613.055556 	 -0.318846
0.067455 	 613.055556 	 -0.345414
0.067500 	 613.055556 	 -0.372177
0.067545 	 613.055556 	 -0.394039
0.067590 	 613.055556 	 -0.406456
0.067635 	 613.055556 	 -0.406388
0.067680 	 613.055556 	 -0.392959
0.067725 	 613.055556 	 -0.367652
0.067770 	 613.055556 	 -0.334004
0.067815 	 613.055556 	 -0.296877
0.067860 	 613.055556 	 -0.261480
0.067905 	 613.055556 	 -0.232369
0.067950 	 613.055556 	 -0.212668
0.067995 	 613.055556 	 -0.203652
0.068040 	 613.055556 	 -0.204773
0.068085 	 613.055556 	 -0.214071
0.068130 	 613.055556 	 -0.228823
0.068175 	 613.055556 	 -0.246242
0.068220 	 613.055556 	 -0.264053
0.068265 	 613.055556 	 -0.280807
0.068310 	 613.055556 	 -0.295907
0.068355 	 613.055556 	 -0.309393
0.068400 	 613.055556 	 -0.321590
0.068445 	 613.055556 	 -0.332771
0.068490 	 613.055556 	 -0.342926
0.068535 	 613.055556 	 -0.351706
0.068580 	 613.055556 	 -0.358530
0.068625 	 613.055556 	 -0.362795
0.068670 	 613.055556 	 -0.364085
0.068715 	 613.055556 	 -0.362316
0.068760 	 613.055556 	 -0.357744
0.068805 	 613.055556 	 -0.350864
0.068850 	 613.055556 	 -0.342238
0.068895 	 613.055556 	 -0.332330
0.068940 	 613.055556 	 -0.321422
0.068985 	 613.055556 	 -0.309641
0.069030 	 613.055556 	 -0.297104
0.069075 	 613.055556 	 -0.284113
0.069120 	 613.055556 	 -0.271330
0.069165 	 613.055556 	 -0.259851
0.069210 	 613.055556 	 -0.251131
0.069255 	 613.055556 	 -0.246754
0.069300 	 613.055556 	 -0.248090
0.069345 	 613.055556 	 -0.255940
0.069390 	 613.055556 	 -0.270243
0.069435 	 613.055556 	 -0.289945
0.069480 	 613.055556 	 -0.313079
0.069525 	 613.055556 	 -0.337043
0.069570 	 613.055556 	 -0.359033
0.069615 	 613.055556 	 -0.376545
0.069660 	 613.055556 	 -0.387838
0.069705 	 613.055556 	 -0.392276
0.069750 	 613.055556 	 -0.390458
0.069795 	 613.055556 	 -0.384114
0.069840 	 613.055556 	 -0.375768
0.069885 	 613.055556 	 -0.368212
0.069930 	 613.055556 	 -0.363892
0.069975 	 613.055556 	 -0.364290
0.070020 	 613.055556 	 -0.369463
0.070065 	 613.055556 	 -0.377833
0.070110 	 613.055556 	 -0.386325
0.070155 	 613.055556 	 -0.390878
0.070200 	 613.055556 	 -0.387282
0.070245 	 613.055556 	 -0.372200
0.070290 	 613.055556 	 -0.344181
0.070335 	 613.055556 	 -0.304410
0.070380 	 613.055556 	 -0.256983
0.070425 	 613.055556 	 -0.208547
0.070470 	 613.055556 	 -0.167300
0.070515 	 613.055556 	 -0.141470
0.070560 	 613.055556 	 -0.137584
0.070605 	 613.055556 	 -0.158888
0.070650 	 613.055556 	 -0.204315
0.070695 	 613.055556 	 -0.268323
0.070740 	 613.055556 	 -0.341687
0.070785 	 613.055556 	 -0.413177
0.070830 	 613.055556 	 -0.471752
0.070875 	 613.055556 	 -0.508824
0.070920 	 613.055556 	 -0.520048
0.070965 	 613.055556 	 -0.506225
0.071010 	 613.055556 	 -0.473080
0.071055 	 613.055556 	 -0.429954
0.071100 	 613.055556 	 -0.387698
0.071145 	 613.055556 	 -0.356252
0.071190 	 613.055556 	 -0.342490
0.071235 	 613.055556 	 -0.348820
0.071280 	 613.055556 	 -0.372853
0.071325 	 613.055556 	 -0.408187
0.071370 	 613.055556 	 -0.446064
0.071415 	 613.055556 	 -0.477468
0.071460 	 613.055556 	 -0.495155
0.071505 	 613.055556 	 -0.495126
0.071550 	 613.055556 	 -0.477270
0.071595 	 613.055556 	 -0.445082
0.071640 	 613.055556 	 -0.404623
0.071685 	 613.055556 	 -0.363036
0.071730 	 613.055556 	 -0.327006
0.071775 	 613.055556 	 -0.301523
0.071820 	 613.055556 	 -0.289162
0.071865 	 613.055556 	 -0.289976
0.071910 	 613.055556 	 -0.301887
0.071955 	 613.055556 	 -0.321396
0.072000 	 613.055556 	 -0.344393
0.072045 	 613.055556 	 -0.366862
0.072090 	 613.055556 	 -0.385400
0.072135 	 613.055556 	 -0.397517
0.072180 	 613.055556 	 -0.401782
0.072225 	 613.055556 	 -0.397872
0.072270 	 613.055556 	 -0.386594
0.072315 	 613.055556 	 -0.369854
0.072360 	 613.055556 	 -0.350545
0.072405 	 613.055556 	 -0.332270
0.072450 	 613.055556 	 -0.318872
0.072495 	 613.055556 	 -0.313768
0.072540 	 613.055556 	 -0.319212
0.072585 	 613.055556 	 -0.335635
0.072630 	 613.055556 	 -0.361265
0.072675 	 613.055556 	 -0.392196
0.072720 	 613.055556 	 -0.422963
0.072765 	 613.055556 	 -0.447558
0.072810 	 613.055556 	 -0.460706
0.072855 	 613.055556 	 -0.459089
0.072900 	 613.055556 	 -0.442244
0.072945 	 613.055556 	 -0.412859
0.072990 	 613.055556 	 -0.376376
0.073035 	 613.055556 	 -0.339944
0.073080 	 613.055556 	 -0.310940
0.073125 	 613.055556 	 -0.295388
0.073170 	 613.055556 	 -0.296644
0.073215 	 613.055556 	 -0.314639
0.073260 	 613.055556 	 -0.345870
0.073305 	 613.055556 	 -0.384125
0.073350 	 613.055556 	 -0.421771
0.073395 	 613.055556 	 -0.451312
0.073440 	 613.055556 	 -0.466881
0.073485 	 613.055556 	 -0.465347
0.073530 	 613.055556 	 -0.446836
0.073575 	 613.055556 	 -0.414602
0.073620 	 613.055556 	 -0.374305
0.073665 	 613.055556 	 -0.332882
0.073710 	 613.055556 	 -0.297261
0.073755 	 613.055556 	 -0.273150
0.073800 	 613.055556 	 -0.264139
0.073845 	 613.055556 	 -0.271226
0.073890 	 613.055556 	 -0.292817
0.073935 	 613.055556 	 -0.325154
0.073980 	 613.055556 	 -0.363072
0.074025 	 613.055556 	 -0.400909
0.074070 	 613.055556 	 -0.433433
0.074115 	 613.055556 	 -0.456622
0.074160 	 613.055556 	 -0.468185
0.074205 	 613.055556 	 -0.467769
0.074250 	 613.055556 	 -0.456829
0.074295 	 613.055556 	 -0.438208
0.074340 	 613.055556 	 -0.415529
0.074385 	 613.055556 	 -0.392507
0.074430 	 613.055556 	 -0.372319
0.074475 	 613.055556 	 -0.357151
0.074520 	 613.055556 	 -0.347985
0.074565 	 613.055556 	 -0.344660
0.074610 	 613.055556 	 -0.346132
0.074655 	 613.055556 	 -0.350883
0.074700 	 613.055556 	 -0.357320
0.074745 	 613.055556 	 -0.364103
0.074790 	 613.055556 	 -0.370302
0.074835 	 613.055556 	 -0.375397
0.074880 	 613.055556 	 -0.379148
0.074925 	 613.055556 	 -0.381423
0.074970 	 613.055556 	 -0.382068
0.075015 	 613.055556 	 -0.380884
0.075060 	 613.055556 	 -0.377719
0.075105 	 613.055556 	 -0.372635
0.075150 	 613.055556 	 -0.366080
0.075195 	 613.055556 	 -0.358958
0.075240 	 613.055556 	 -0.352545
0.075285 	 613.055556 	 -0.348231
0.075330 	 613.055556 	 -0.347160
0.075375 	 613.055556 	 -0.349848
0.075420 	 613.055556 	 -0.355947
0.075465 	 613.055556 	 -0.364234
0.075510 	 613.055556 	 -0.372887
0.075555 	 613.055556 	 -0.379989
0.075600 	 613.055556 	 -0.384135
0.075645 	 613.055556 	 -0.384954
0.075690 	 613.055556 	 -0.383371
0.075735 	 613.055556 	 -0.381480
0.075780 	 613.055556 	 -0.382018
0.075825 	 613.055556 	 -0.387552
0.075870 	 613.055556 	 -0.399606
0.075915 	 613.055556 	 -0.417965
0.075960 	 613.055556 	 -0.440419
0.076005 	 613.055556 	 -0.463060
0.076050 	 613.055556 	 -0.481124
0.076095 	 613.055556 	 -0.490178
0.076140 	 613.055556 	 -0.487372
0.076185 	 613.055556 	 -0.472386
0.076230 	 613.055556 	 -0.447798
0.076275 	 613.055556 	 -0.418706
0.076320 	 613.055556 	 -0.391657
0.076365 	 613.055556 	 -0.373105
0.076410 	 613.055556 	 -0.367792
0.076455 	 613.055556 	 -0.377470
0.076500 	 613.055556 	 -0.400317
0.076545 	 613.055556 	 -0.431246
0.076590 	 613.055556 	 -0.463038
0.076635 	 613.055556 	 -0.488052
0.076680 	 613.055556 	 -0.500051
0.076725 	 613.055556 	 -0.495705
0.076770 	 613.055556 	 -0.475347
0.076815 	 613.055556 	 -0.442833
0.076860 	 613.055556 	 -0.404513
0.076905 	 613.055556 	 -0.367636
0.076950 	 613.055556 	 -0.338617
0.076995 	 613.055556 	 -0.321632
0.077040 	 613.055556 	 -0.317932
0.077085 	 613.055556 	 -0.326007
0.077130 	 613.055556 	 -0.342512
0.077175 	 613.055556 	 -0.363610
0.077220 	 613.055556 	 -0.386282
0.077265 	 613.055556 	 -0.409166
0.077310 	 613.055556 	 -0.432642
0.077355 	 613.055556 	 -0.458142
0.077400 	 613.055556 	 -0.486935
0.077445 	 613.055556 	 -0.518815
0.077490 	 613.055556 	 -0.551219
0.077535 	 613.055556 	 -0.579150
0.077580 	 613.055556 	 -0.596083
0.077625 	 613.055556 	 -0.595668
0.077670 	 613.055556 	 -0.573783
0.077715 	 613.055556 	 -0.530317
0.077760 	 613.055556 	 -0.470059
0.077805 	 613.055556 	 -0.402317
0.077850 	 613.055556 	 -0.339202
0.077895 	 613.055556 	 -0.292937
0.077940 	 613.055556 	 -0.272868
0.077985 	 613.055556 	 -0.282999
0.078030 	 613.055556 	 -0.320788
0.078075 	 613.055556 	 -0.377606
0.078120 	 613.055556 	 -0.440813
0.078165 	 613.055556 	 -0.496918
0.078210 	 613.055556 	 -0.534963
0.078255 	 613.055556 	 -0.549197
0.078300 	 613.055556 	 -0.540290
0.078345 	 613.055556 	 -0.514735
0.078390 	 613.055556 	 -0.482643
0.078435 	 613.055556 	 -0.454563
0.078480 	 613.055556 	 -0.438292
0.078525 	 613.055556 	 -0.436637
0.078570 	 613.055556 	 -0.446800
0.078615 	 613.055556 	 -0.461573
0.078660 	 613.055556 	 -0.471963
0.078705 	 613.055556 	 -0.470400
0.078750 	 613.055556 	 -0.453526
0.078795 	 613.055556 	 -0.423642
0.078840 	 613.055556 	 -0.388325
0.078885 	 613.055556 	 -0.358282
0.078930 	 613.055556 	 -0.344062
0.078975 	 613.055556 	 -0.352621
0.079020 	 613.055556 	 -0.384824
0.079065 	 613.055556 	 -0.434700
0.079110 	 613.055556 	 -0.490738
0.079155 	 613.055556 	 -0.538914
0.079200 	 613.055556 	 -0.566574
0.079245 	 613.055556 	 -0.566058
0.079290 	 613.055556 	 -0.537005
0.079335 	 613.055556 	 -0.486638
0.079380 	 613.055556 	 -0.427952
0.079425 	 613.055556 	 -0.376271
0.079470 	 613.055556 	 -0.345156
0.079515 	 613.055556 	 -0.342801
0.079560 	 613.055556 	 -0.369916
0.079605 	 613.055556 	 -0.419661
0.079650 	 613.055556 	 -0.479602
0.079695 	 613.055556 	 -0.535084
0.079740 	 613.055556 	 -0.573059
0.079785 	 613.055556 	 -0.585321
0.079830 	 613.055556 	 -0.570334
0.079875 	 613.055556 	 -0.533248
0.079920 	 613.055556 	 -0.484223
0.079965 	 613.055556 	 -0.435611
0.080010 	 613.055556 	 -0.398787
0.080055 	 613.055556 	 -0.381481
0.080100 	 613.055556 	 -0.386223
0.080145 	 613.055556 	 -0.410193
0.080190 	 613.055556 	 -0.446366
0.080235 	 613.055556 	 -0.485546
0.080280 	 613.055556 	 -0.518686
0.080325 	 613.055556 	 -0.538933
0.080370 	 613.055556 	 -0.542963
0.080415 	 613.055556 	 -0.531382
0.080460 	 613.055556 	 -0.508245
0.080505 	 613.055556 	 -0.479865
0.080550 	 613.055556 	 -0.453246
0.080595 	 613.055556 	 -0.434482
0.080640 	 613.055556 	 -0.427438
0.080685 	 613.055556 	 -0.432960
0.080730 	 613.055556 	 -0.448762
0.080775 	 613.055556 	 -0.470016
0.080820 	 613.055556 	 -0.490530
0.080865 	 613.055556 	 -0.504315
0.080910 	 613.055556 	 -0.507168
0.080955 	 613.055556 	 -0.497913
0.081000 	 613.055556 	 -0.478948
0.081045 	 613.055556 	 -0.455848
0.081090 	 613.055556 	 -0.436052
0.081135 	 613.055556 	 -0.426867
0.081180 	 613.055556 	 -0.433289
0.081225 	 613.055556 	 -0.456258
0.081270 	 613.055556 	 -0.491928
0.081315 	 613.055556 	 -0.532284
0.081360 	 613.055556 	 -0.567066
0.081405 	 613.055556 	 -0.586567
0.081450 	 613.055556 	 -0.584530
0.081495 	 613.055556 	 -0.560268
0.081540 	 613.055556 	 -0.519299
0.081585 	 613.055556 	 -0.472156
0.081630 	 613.055556 	 -0.431608
0.081675 	 613.055556 	 -0.408992
0.081720 	 613.055556 	 -0.410767
0.081765 	 613.055556 	 -0.436344
0.081810 	 613.055556 	 -0.477974
0.081855 	 613.055556 	 -0.522845
0.081900 	 613.055556 	 -0.556840
0.081945 	 613.055556 	 -0.568860
0.081990 	 613.055556 	 -0.554394
0.082035 	 613.055556 	 -0.517167
0.082080 	 613.055556 	 -0.468287
0.082125 	 613.055556 	 -0.423039
0.082170 	 613.055556 	 -0.396236
0.082215 	 613.055556 	 -0.397545
0.082260 	 613.055556 	 -0.428261
0.082305 	 613.055556 	 -0.480605
0.082350 	 613.055556 	 -0.539849
0.082395 	 613.055556 	 -0.588656
0.082440 	 613.055556 	 -0.612345
0.082485 	 613.055556 	 -0.603418
0.082530 	 613.055556 	 -0.563956
0.082575 	 613.055556 	 -0.505098
0.082620 	 613.055556 	 -0.443718
0.082665 	 613.055556 	 -0.397329
0.082710 	 613.055556 	 -0.378759
0.082755 	 613.055556 	 -0.392295
0.082800 	 613.055556 	 -0.432505
0.082845 	 613.055556 	 -0.486104
0.082890 	 613.055556 	 -0.536265
0.082935 	 613.055556 	 -0.567975
0.082980 	 613.055556 	 -0.572734
0.083025 	 613.055556 	 -0.551124
0.083070 	 613.055556 	 -0.512440
0.083115 	 613.055556 	 -0.471552
0.083160 	 613.055556 	 -0.443999
0.083205 	 613.055556 	 -0.440906
0.083250 	 613.055556 	 -0.465346
0.083295 	 613.055556 	 -0.511321
0.083340 	 613.055556 	 -0.565637
0.083385 	 613.055556 	 -0.612061
0.083430 	 613.055556 	 -0.636403
0.083475 	 613.055556 	 -0.630888
0.083520 	 613.055556 	 -0.596495
0.083565 	 613.055556 	 -0.542556
0.083610 	 613.055556 	 -0.483818
0.083655 	 613.055556 	 -0.435943
0.083700 	 613.055556 	 -0.410872
0.083745 	 613.055556 	 -0.413503
0.083790 	 613.055556 	 -0.440655
0.083835 	 613.055556 	 -0.482536
0.083880 	 613.055556 	 -0.526137
0.083925 	 613.055556 	 -0.559372
0.083970 	 613.055556 	 -0.574640
0.084015 	 613.055556 	 -0.570735
0.084060 	 613.055556 	 -0.552610
0.084105 	 613.055556 	 -0.529226
0.084150 	 613.055556 	 -0.510298
0.084195 	 613.055556 	 -0.503061
0.084240 	 613.055556 	 -0.510085
0.084285 	 613.055556 	 -0.528794
0.084330 	 613.055556 	 -0.552694
0.084375 	 613.055556 	 -0.573808
0.084420 	 613.055556 	 -0.585400
0.084465 	 613.055556 	 -0.584078
0.084510 	 613.055556 	 -0.570628
0.084555 	 613.055556 	 -0.549391
0.084600 	 613.055556 	 -0.526525
0.084645 	 613.055556 	 -0.507809
0.084690 	 613.055556 	 -0.496803
0.084735 	 613.055556 	 -0.493958
0.084780 	 613.055556 	 -0.496942
0.084825 	 613.055556 	 -0.501964
0.084870 	 613.055556 	 -0.505568
0.084915 	 613.055556 	 -0.506194
0.084960 	 613.055556 	 -0.504924
0.085005 	 613.055556 	 -0.505142
0.085050 	 613.055556 	 -0.511201
0.085095 	 613.055556 	 -0.526583
0.085140 	 613.055556 	 -0.552184
0.085185 	 613.055556 	 -0.585360
0.085230 	 613.055556 	 -0.620101
0.085275 	 613.055556 	 -0.648344
0.085320 	 613.055556 	 -0.662099
0.085365 	 613.055556 	 -0.655756
0.085410 	 613.055556 	 -0.627915
0.085455 	 613.055556 	 -0.582196
0.085500 	 613.055556 	 -0.526754
0.085545 	 612.904303 	 -0.472608
0.085590 	 612.450693 	 -0.431163
0.085635 	 611.695174 	 -0.411555
0.085680 	 610.638492 	 -0.418462
0.085725 	 609.281690 	 -0.450924
0.085770 	 607.626106 	 -0.502446
0.085815 	 605.673374 	 -0.562366
0.085860 	 603.425422 	 -0.618168
0.085905 	 600.884467 	 -0.658210
0.085950 	 598.053018 	 -0.674271
0.085995 	 594.933869 	 -0.663349
0.086040 	 591.530098 	 -0.628338
0.086085 	 587.845064 	 -0.577405
0.086130 	 583.882403 	 -0.522209
0.086175 	 579.646028 	 -0.475321
0.086220 	 575.140117 	 -0.447401
0.086265 	 570.369119 	 -0.444764
0.086310 	 565.337740 	 -0.467905
0.086355 	 560.050948 	 -0.511354
0.086400 	 554.513959 	 -0.564923
0.086445 	 548.732238 	 -0.616087
0.086490 	 542.711490 	 -0.652934
0.086535 	 536.457657 	 -0.666994
0.086580 	 529.976911 	 -0.655232
0.086625 	 523.275648 	 -0.620725
0.086670 	 516.360481 	 -0.571834
0.086715 	 509.238234 	 -0.520083
0.086760 	 501.915937 	 -0.477283
0.086805 	 494.400815 	 -0.452662
0.086850 	 486.700285 	 -0.450725
0.086895 	 478.821947 	 -0.470408
0.086940 	 470.773575 	 -0.505690
0.086985 	 462.563112 	 -0.547439
0.087030 	 454.198661 	 -0.585943
0.087075 	 445.688477 	 -0.613377
0.087120 	 437.040958 	 -0.625562
0.087165 	 428.264638 	 -0.622583
0.087210 	 419.368179 	 -0.608198
0.087255 	 410.360360 	 -0.588324
0.087300 	 401.250070 	 -0.569131
0.087345 	 392.046302 	 -0.555331
0.087390 	 382.758136 	 -0.549146
0.087435 	 373.394741 	 -0.550167
0.087480 	 363.965356 	 -0.556023
0.087525 	 354.479287 	 -0.563536
0.087570 	 344.945895 	 -0.569903
0.087615 	 335.374590 	 -0.573521
0.087660 	 325.774816 	 -0.574236
0.087705 	 316.156048 	 -0.573029
0.087750 	 306.527778 	 -0.571345
0.087795 	 296.899508 	 -0.570398
0.087840 	 287.280739 	 -0.570714
0.087885 	 277.680966 	 -0.572069
0.087930 	 268.109660 	 -0.573793
0.087975 	 258.576269 	 -0.575241
0.088020 	 249.090200 	 -0.576194
0.088065 	 239.660815 	 -0.576987
0.088110 	 230.297419 	 -0.578310
0.088155 	 221.009254 	 -0.580759
0.088200 	 211.805485 	 -0.584381
0.088245 	 202.695196 	 -0.588431
0.088290 	 193.687377 	 -0.591502
0.088335 	 184.790917 	 -0.592031
0.088380 	 176.014598 	 -0.588989
0.088425 	 167.367079 	 -0.582492
0.088470 	 158.856895 	 -0.574032
0.088515 	 150.492444 	 -0.566192
0.088560 	 142.281981 	 -0.561863
0.088605 	 134.233609 	 -0.563225
0.088650 	 126.355271 	 -0.570848
0.088695 	 118.654741 	 -0.583269
0.088740 	 111.139619 	 -0.597266
0.088785 	 103.817321 	 -0.608785
0.088830 	 96.695075 	 -0.614251
0.088875 	 89.779907 	 -0.611813
0.088920 	 83.078644 	 -0.602087
0.088965 	 76.597899 	 -0.588087
0.089010 	 70.344066 	 -0.574340
0.089055 	 64.323318 	 -0.565430
0.089100 	 58.541596 	 -0.564478
0.089145 	 53.004607 	 -0.572054
0.089190 	 47.717815 	 -0.585941
0.089235 	 42.686437 	 -0.601833
0.089280 	 37.915438 	 -0.614765
0.089325 	 33.409528 	 -0.620778
0.089370 	 29.173152 	 -0.618257
0.089415 	 25.210492 	 -0.608464
0.089460 	 21.525458 	 -0.595091
0.089505 	 18.121687 	 -0.582964
0.089550 	 15.002537 	 -0.576370
0.089595 	 12.171088 	 -0.577569
0.089640 	 9.630134 	 -0.586043
0.089685 	 7.382181 	 -0.598721
0.089730 	 5.429450 	 -0.611118
0.089775 	 3.773866 	 -0.618957
0.089820 	 2.417063 	 -0.619713
0.089865 	 1.360381 	 -0.613506
0.089910 	 0.604863 	 -0.603027
0.089955 	 0.151253 	 -0.592530
0.090000 	 0.000000 	 0.000000
