0.000045 	 0.000000 	 0.000000
0.000090 	 0.119591 	 0.604464
0.000135 	 0.478244 	 0.603101
0.000180 	 1.075607 	 0.601893
0.000225 	 1.911090 	 0.601072
0.000270 	 2.983867 	 0.600721
0.000315 	 4.292882 	 0.600745
0.000360 	 5.836840 	 0.600899
0.000405 	 7.614220 	 0.600888
0.000450 	 9.623266 	 0.600478
0.000495 	 11.861997 	 0.599593
0.000540 	 14.328203 	 0.598344
0.000585 	 17.019449 	 0.597001
0.000630 	 19.933080 	 0.595890
0.000675 	 23.066221 	 0.595275
0.000720 	 26.415780 	 0.595256
0.000765 	 29.978450 	 0.595719
0.000810 	 33.750717 	 0.596370
0.000855 	 37.728857 	 0.596821
0.000900 	 41.908944 	 0.596716
0.000945 	 46.286853 	 0.595840
0.000990 	 50.858264 	 0.594185
0.001035 	 55.618665 	 0.591945
0.001080 	 60.563359 	 0.589450
0.001125 	 65.687465 	 0.587069
0.001170 	 70.985926 	 0.585109
0.001215 	 76.453514 	 0.583761
0.001260 	 82.084833 	 0.583082
0.001305 	 87.874325 	 0.583028
0.001350 	 93.816277 	 0.583512
0.001395 	 99.904824 	 0.584444
0.001440 	 106.133959 	 0.585742
0.001485 	 112.497534 	 0.587312
0.001530 	 118.989268 	 0.588999
0.001575 	 125.602755 	 0.590552
0.001620 	 132.331469 	 0.591627
0.001665 	 139.168769 	 0.591840
0.001710 	 146.107907 	 0.590866
0.001755 	 153.142035 	 0.588561
0.001800 	 160.264212 	 0.585043
0.001845 	 167.467409 	 0.580721
0.001890 	 174.744517 	 0.576222
0.001935 	 182.088354 	 0.572245
0.001980 	 189.491673 	 0.569383
0.002025 	 196.947168 	 0.567960
0.002070 	 204.447480 	 0.567947
0.002115 	 211.985209 	 0.568994
0.002160 	 219.552916 	 0.570561
0.002205 	 227.143131 	 0.572115
0.002250 	 234.748365 	 0.573318
0.002295 	 242.361111 	 0.574145
0.002340 	 249.973858 	 0.574872
0.002385 	 257.579091 	 0.575946
0.002430 	 265.169306 	 0.577766
0.002475 	 272.737013 	 0.580457
0.002520 	 280.274742 	 0.583723
0.002565 	 287.775055 	 0.586834
0.002610 	 295.230549 	 0.588775
0.002655 	 302.633868 	 0.588513
0.002700 	 309.977706 	 0.585316
0.002745 	 317.254813 	 0.579008
0.002790 	 324.458010 	 0.570092
0.002835 	 331.580187 	 0.559696
0.002880 	 338.614315 	 0.549338
0.002925 	 345.553453 	 0.540596
0.002970 	 352.390753 	 0.534767
0.003015 	 359.119467 	 0.532611
0.003060 	 365.732954 	 0.534242
0.003105 	 372.224689 	 0.539184
0.003150 	 378.588263 	 0.546557
0.003195 	 384.817398 	 0.555309
0.003240 	 390.905946 	 0.564430
0.003285 	 396.847898 	 0.573075
0.003330 	 402.637390 	 0.580589
0.003375 	 408.268708 	 0.586460
0.003420 	 413.736296 	 0.590239
0.003465 	 419.034758 	 0.591510
0.003510 	 424.158863 	 0.589933
0.003555 	 429.103557 	 0.585356
0.003600 	 433.863958 	 0.577967
0.003645 	 438.435369 	 0.568399
0.003690 	 442.813278 	 0.557743
0.003735 	 446.993365 	 0.547405
0.003780 	 450.971505 	 0.538848
0.003825 	 454.743772 	 0.533258
0.003870 	 458.306442 	 0.531245
0.003915 	 461.656001 	 0.532671
0.003960 	 464.789142 	 0.536668
0.004005 	 467.702773 	 0.541857
0.004050 	 470.394020 	 0.546718
0.004095 	 472.860225 	 0.549995
0.004140 	 475.098956 	 0.551025
0.004185 	 477.108002 	 0.549884
0.004230 	 478.885382 	 0.547319
0.004275 	 480.429341 	 0.544469
0.004320 	 481.738355 	 0.542493
0.004365 	 482.811132 	 0.542191
0.004410 	 483.646615 	 0.543768
0.004455 	 484.243978 	 0.546786
0.004500 	 484.602632 	 0.550333
0.004545 	 484.722222 	 0.553327
0.004590 	 484.722222 	 0.554867
0.004635 	 484.722222 	 0.554515
0.004680 	 484.722222 	 0.552402
0.004725 	 484.722222 	 0.549157
0.004770 	 484.722222 	 0.545660
0.004815 	 484.722222 	 0.542737
0.004860 	 484.722222 	 0.540876
0.004905 	 484.722222 	 0.540077
0.004950 	 484.722222 	 0.539877
0.004995 	 484.722222 	 0.539531
0.005040 	 484.722222 	 0.538305
0.005085 	 484.722222 	 0.535756
0.005130 	 484.722222 	 0.531927
0.005175 	 484.722222 	 0.527383
0.005220 	 484.722222 	 0.523082
0.005265 	 484.722222 	 0.520114
0.005310 	 484.722222 	 0.519395
0.005355 	 484.722222 	 0.521408
0.005400 	 484.722222 	 0.526055
0.005445 	 484.722222 	 0.532665
0.005490 	 484.722222 	 0.540140
0.005535 	 484.722222 	 0.547190
0.005580 	 484.722222 	 0.552599
0.005625 	 484.722222 	 0.555438
0.005670 	 484.722222 	 0.555197
0.005715 	 484.722222 	 0.551810
0.005760 	 484.722222 	 0.545609
0.005805 	 484.722222 	 0.537215
0.005850 	 484.722222 	 0.527439
0.005895 	 484.722222 	 0.517185
0.005940 	 484.722222 	 0.507393
0.005985 	 484.722222 	 0.498985
0.006030 	 484.722222 	 0.492821
0.006075 	 484.722222 	 0.489624
0.006120 	 484.722222 	 0.489894
0.006165 	 484.722222 	 0.493797
0.006210 	 484.722222 	 0.501087
0.006255 	 484.722222 	 0.511069
0.006300 	 484.722222 	 0.522637
0.006345 	 484.722222 	 0.534402
0.006390 	 484.722222 	 0.544883
0.006435 	 484.722222 	 0.552733
0.006480 	 484.722222 	 0.556959
0.006525 	 484.722222 	 0.557076
0.006570 	 484.722222 	 0.553176
0.006615 	 484.722222 	 0.545890
0.006660 	 484.722222 	 0.536256
0.006705 	 484.722222 	 0.525528
0.006750 	 484.722222 	 0.514966
0.006795 	 484.722222 	 0.505642
0.006840 	 484.722222 	 0.498309
0.006885 	 484.722222 	 0.493340
0.006930 	 484.722222 	 0.490745
0.006975 	 484.722222 	 0.490235
0.007020 	 484.722222 	 0.491335
0.007065 	 484.722222 	 0.493489
0.007110 	 484.722222 	 0.496159
0.007155 	 484.722222 	 0.498886
0.007200 	 484.722222 	 0.501320
0.007245 	 484.722222 	 0.503226
0.007290 	 484.722222 	 0.504461
0.007335 	 484.722222 	 0.504968
0.007380 	 484.722222 	 0.504762
0.007425 	 484.722222 	 0.503937
0.007470 	 484.722222 	 0.502671
0.007515 	 484.722222 	 0.501237
0.007560 	 484.722222 	 0.499979
0.007605 	 484.722222 	 0.499273
0.007650 	 484.722222 	 0.499450
0.007695 	 484.722222 	 0.500709
0.007740 	 484.722222 	 0.503032
0.007785 	 484.722222 	 0.506141
0.007830 	 484.722222 	 0.509514
0.007875 	 484.722222 	 0.512468
0.007920 	 484.722222 	 0.514312
0.007965 	 484.722222 	 0.514524
0.008010 	 484.722222 	 0.512906
0.008055 	 484.722222 	 0.509676
0.008100 	 484.722222 	 0.505451
0.008145 	 484.722222 	 0.501107
0.008190 	 484.722222 	 0.497555
0.008235 	 484.722222 	 0.495483
0.008280 	 484.722222 	 0.495131
0.008325 	 484.722222 	 0.496187
0.008370 	 484.722222 	 0.497833
0.008415 	 484.722222 	 0.498949
0.008460 	 484.722222 	 0.498432
0.008505 	 484.722222 	 0.495539
0.008550 	 484.722222 	 0.490158
0.008595 	 484.722222 	 0.482919
0.008640 	 484.722222 	 0.475108
0.008685 	 484.722222 	 0.468379
0.008730 	 484.722222 	 0.464357
0.008775 	 484.722222 	 0.464215
0.008820 	 484.722222 	 0.468349
0.008865 	 484.722222 	 0.476248
0.008910 	 484.722222 	 0.486584
0.008955 	 484.722222 	 0.497506
0.009000 	 484.722222 	 0.507059
0.009045 	 484.722222 	 0.513614
0.009090 	 484.722222 	 0.516200
0.009135 	 484.722222 	 0.514660
0.009180 	 484.722222 	 0.509602
0.009225 	 484.722222 	 0.502177
0.009270 	 484.722222 	 0.493760
0.009315 	 484.722222 	 0.485623
0.009360 	 484.722222 	 0.478690
0.009405 	 484.722222 	 0.473419
0.009450 	 484.722222 	 0.469826
0.009495 	 484.722222 	 0.467611
0.009540 	 484.722222 	 0.466341
0.009585 	 484.722222 	 0.465612
0.009630 	 484.722222 	 0.465171
0.009675 	 484.722222 	 0.464944
0.009720 	 484.722222 	 0.465009
0.009765 	 484.722222 	 0.465521
0.009810 	 484.722222 	 0.466621
0.009855 	 484.722222 	 0.468362
0.009900 	 484.722222 	 0.470662
0.009945 	 484.722222 	 0.473291
0.009990 	 484.722222 	 0.475877
0.010035 	 484.722222 	 0.477945
0.010080 	 484.722222 	 0.478974
0.010125 	 484.722222 	 0.478483
0.010170 	 484.722222 	 0.476135
0.010215 	 484.722222 	 0.471858
0.010260 	 484.722222 	 0.465944
0.010305 	 484.722222 	 0.459097
0.010350 	 484.722222 	 0.452384
0.010395 	 484.722222 	 0.447077
0.010440 	 484.722222 	 0.444395
0.010485 	 484.722222 	 0.445184
0.010530 	 484.722222 	 0.449628
0.010575 	 484.722222 	 0.457077
0.010620 	 484.722222 	 0.466056
0.010665 	 484.722222 	 0.474509
0.010710 	 484.722222 	 0.480226
0.010755 	 484.722222 	 0.481366
0.010800 	 484.722222 	 0.476955
0.010845 	 484.722222 	 0.467195
0.010890 	 484.722222 	 0.453504
0.010935 	 484.722222 	 0.438247
0.010980 	 484.722222 	 0.424208
0.011025 	 484.722222 	 0.413951
0.011070 	 484.722222 	 0.409216
0.011115 	 484.722222 	 0.410536
0.011160 	 484.722222 	 0.417162
0.011205 	 484.722222 	 0.427314
0.011250 	 484.722222 	 0.438690
0.011295 	 484.722222 	 0.449073
0.011340 	 484.722222 	 0.456868
0.011385 	 484.722222 	 0.461427
0.011430 	 484.722222 	 0.463073
0.011475 	 484.722222 	 0.462850
0.011520 	 484.722222 	 0.462095
0.011565 	 484.722222 	 0.461964
0.011610 	 484.722222 	 0.463082
0.011655 	 484.722222 	 0.465393
0.011700 	 484.722222 	 0.468259
0.011745 	 484.722222 	 0.470737
0.011790 	 484.722222 	 0.471942
0.011835 	 484.722222 	 0.471361
0.011880 	 484.722222 	 0.469013
0.011925 	 484.722222 	 0.465423
0.011970 	 484.722222 	 0.461421
0.012015 	 484.722222 	 0.457847
0.012060 	 484.722222 	 0.455270
0.012105 	 484.722222 	 0.453806
0.012150 	 484.722222 	 0.453095
0.012195 	 484.722222 	 0.452427
0.012240 	 484.722222 	 0.450972
0.012285 	 484.722222 	 0.448026
0.012330 	 484.722222 	 0.443203
0.012375 	 484.722222 	 0.436517
0.012420 	 484.722222 	 0.428352
0.012465 	 484.722222 	 0.419342
0.012510 	 484.722222 	 0.410225
0.012555 	 484.722222 	 0.401706
0.012600 	 484.722222 	 0.394386
0.012645 	 484.722222 	 0.388735
0.012690 	 484.722222 	 0.385111
0.012735 	 484.722222 	 0.383783
0.012780 	 484.722222 	 0.384923
0.012825 	 484.722222 	 0.388575
0.012870 	 484.722222 	 0.394606
0.012915 	 484.722222 	 0.402660
0.012960 	 484.722222 	 0.412172
0.013005 	 484.722222 	 0.422433
0.013050 	 484.722222 	 0.432702
0.013095 	 484.722222 	 0.442343
0.013140 	 484.722222 	 0.450926
0.013185 	 484.722222 	 0.458269
0.013230 	 484.722222 	 0.464379
0.013275 	 484.722222 	 0.469348
0.013320 	 484.722222 	 0.473209
0.013365 	 484.722222 	 0.475843
0.013410 	 484.722222 	 0.476964
0.013455 	 484.722222 	 0.476211
0.013500 	 484.722222 	 0.473307
0.013545 	 484.722222 	 0.468246
0.013590 	 484.722222 	 0.461409
0.013635 	 484.722222 	 0.453569
0.013680 	 484.722222 	 0.445741
0.013725 	 484.722222 	 0.438927
0.013770 	 484.722222 	 0.433811
0.013815 	 484.722222 	 0.430525
0.013860 	 484.722222 	 0.428551
0.013905 	 484.722222 	 0.426830
0.013950 	 484.722222 	 0.424039
0.013995 	 484.722222 	 0.418978
0.014040 	 484.722222 	 0.410942
0.014085 	 484.722222 	 0.399962
0.014130 	 484.722222 	 0.386837
0.014175 	 484.722222 	 0.372946
0.014220 	 484.722222 	 0.359885
0.014265 	 484.722222 	 0.349053
0.014310 	 484.722222 	 0.341306
0.014355 	 484.722222 	 0.336785
0.014400 	 484.722222 	 0.334963
0.014445 	 484.722222 	 0.334890
0.014490 	 484.722222 	 0.335547
0.014535 	 484.722222 	 0.336190
0.014580 	 484.722222 	 0.336566
0.014625 	 484.722222 	 0.336951
0.014670 	 484.722222 	 0.338000
0.014715 	 484.722222 	 0.340457
0.014760 	 484.722222 	 0.344858
0.014805 	 484.722222 	 0.351296
0.014850 	 484.722222 	 0.359341
0.014895 	 484.722222 	 0.368124
0.014940 	 484.722222 	 0.376552
0.014985 	 484.722222 	 0.383565
0.015030 	 484.722222 	 0.388368
0.015075 	 484.722222 	 0.390550
0.015120 	 484.722222 	 0.390089
0.015165 	 484.722222 	 0.387245
0.015210 	 484.722222 	 0.382425
0.015255 	 484.722222 	 0.376054
0.015300 	 484.722222 	 0.368530
0.015345 	 484.722222 	 0.360243
0.015390 	 484.722222 	 0.351661
0.015435 	 484.722222 	 0.343400
0.015480 	 484.722222 	 0.336259
0.015525 	 484.722222 	 0.331151
0.015570 	 484.722222 	 0.328968
0.015615 	 484.722222 	 0.330392
0.015660 	 484.722222 	 0.335725
0.015705 	 484.722222 	 0.344798
0.015750 	 484.722222 	 0.356977
0.015795 	 484.722222 	 0.371280
0.015840 	 484.722222 	 0.386553
0.015885 	 484.722222 	 0.401650
0.015930 	 484.722222 	 0.415574
0.015975 	 484.722222 	 0.427529
0.016020 	 484.722222 	 0.436908
0.016065 	 484.722222 	 0.443236
0.016110 	 484.722222 	 0.446139
0.016155 	 484.722222 	 0.445354
0.016200 	 484.722222 	 0.440809
0.016245 	 484.722222 	 0.432738
0.016290 	 484.722222 	 0.421776
0.016335 	 484.722222 	 0.408973
0.016380 	 484.722222 	 0.395682
0.016425 	 484.722222 	 0.383333
0.016470 	 484.722222 	 0.373138
0.016515 	 484.722222 	 0.365808
0.016560 	 484.722222 	 0.361394
0.016605 	 484.722222 	 0.359296
0.016650 	 484.722222 	 0.358468
0.016695 	 484.722222 	 0.357751
0.016740 	 484.722222 	 0.356248
0.016785 	 484.722222 	 0.353590
0.016830 	 484.722222 	 0.350030
0.016875 	 484.722222 	 0.346303
0.016920 	 484.722222 	 0.343310
0.016965 	 484.722222 	 0.341727
0.017010 	 484.722222 	 0.341687
0.017055 	 484.722222 	 0.342650
0.017100 	 484.722222 	 0.343534
0.017145 	 484.722222 	 0.343069
0.017190 	 484.722222 	 0.340272
0.017235 	 484.722222 	 0.334882
0.017280 	 484.722222 	 0.327597
0.017325 	 484.722222 	 0.320022
0.017370 	 484.722222 	 0.314311
0.017415 	 484.722222 	 0.312600
0.017460 	 484.722222 	 0.316402
0.017505 	 484.722222 	 0.326136
0.017550 	 484.722222 	 0.340947
0.017595 	 484.722222 	 0.358868
0.017640 	 484.722222 	 0.377285
0.017685 	 484.722222 	 0.393561
0.017730 	 484.722222 	 0.405648
0.017775 	 484.722222 	 0.412503
0.017820 	 484.722222 	 0.414212
0.017865 	 484.722222 	 0.411816
0.017910 	 484.722222 	 0.406903
0.017955 	 484.722222 	 0.401121
0.018000 	 484.722222 	 0.395763
0.018045 	 484.722222 	 0.391524
0.018090 	 484.722222 	 0.388490
0.018135 	 484.722222 	 0.386302
0.018180 	 484.722222 	 0.384420
0.018225 	 484.722222 	 0.382361
0.018270 	 484.722222 	 0.379850
0.018315 	 484.722222 	 0.376842
0.018360 	 484.722222 	 0.373441
0.018405 	 484.722222 	 0.369799
0.018450 	 484.722222 	 0.366048
0.018495 	 484.722222 	 0.362328
0.018540 	 484.722222 	 0.358880
0.018585 	 484.722222 	 0.356162
0.018630 	 484.722222 	 0.354908
0.018675 	 484.722222 	 0.356044
0.018720 	 484.722222 	 0.360467
0.018765 	 484.722222 	 0.368704
0.018810 	 484.722222 	 0.380582
0.018855 	 484.722222 	 0.395009
0.018900 	 484.722222 	 0.410006
0.018945 	 484.722222 	 0.423001
0.018990 	 484.722222 	 0.431364
0.019035 	 484.722222 	 0.433035
0.019080 	 484.722222 	 0.427078
0.019125 	 484.722222 	 0.413989
0.019170 	 484.722222 	 0.395641
0.019215 	 484.722222 	 0.374885
0.019260 	 484.722222 	 0.354886
0.019305 	 484.722222 	 0.338403
0.019350 	 484.722222 	 0.327198
0.019395 	 484.722222 	 0.321746
0.019440 	 484.722222 	 0.321308
0.019485 	 484.722222 	 0.324327
0.019530 	 484.722222 	 0.328992
0.019575 	 484.722222 	 0.333801
0.019620 	 484.722222 	 0.337928
0.019665 	 484.722222 	 0.341304
0.019710 	 484.722222 	 0.344416
0.019755 	 484.722222 	 0.347914
0.019800 	 484.722222 	 0.352194
0.019845 	 484.722222 	 0.357114
0.019890 	 484.722222 	 0.361952
0.019935 	 484.722222 	 0.365607
0.019980 	 484.722222 	 0.366974
0.020025 	 484.722222 	 0.365351
0.020070 	 484.722222 	 0.360711
0.020115 	 484.722222 	 0.353745
0.020160 	 484.722222 	 0.345659
0.020205 	 484.722222 	 0.337783
0.020250 	 484.722222 	 0.331147
0.020295 	 484.722222 	 0.326178
0.020340 	 484.722222 	 0.322623
0.020385 	 484.722222 	 0.319735
0.020430 	 484.722222 	 0.316655
0.020475 	 484.722222 	 0.312852
0.020520 	 484.722222 	 0.308443
0.020565 	 484.722222 	 0.304272
0.020610 	 484.722222 	 0.301695
0.020655 	 484.722222 	 0.302124
0.020700 	 484.722222 	 0.306483
0.020745 	 484.722222 	 0.314745
0.020790 	 484.722222 	 0.325748
0.020835 	 484.722222 	 0.337352
0.020880 	 484.722222 	 0.346923
0.020925 	 484.722222 	 0.352033
0.020970 	 484.722222 	 0.351140
0.021015 	 484.722222 	 0.344076
0.021060 	 484.722222 	 0.332163
0.021105 	 484.722222 	 0.317920
0.021150 	 484.722222 	 0.304444
0.021195 	 484.722222 	 0.294619
0.021240 	 484.722222 	 0.290389
0.021285 	 484.722222 	 0.292287
0.021330 	 484.722222 	 0.299339
0.021375 	 484.722222 	 0.309364
0.021420 	 484.722222 	 0.319566
0.021465 	 484.722222 	 0.327247
0.021510 	 484.722222 	 0.330448
0.021555 	 484.722222 	 0.328350
0.021600 	 484.722222 	 0.321354
0.021645 	 484.722222 	 0.310857
0.021690 	 484.722222 	 0.298806
0.021735 	 484.722222 	 0.287194
0.021780 	 484.722222 	 0.277618
0.021825 	 484.722222 	 0.271032
0.021870 	 484.722222 	 0.267698
0.021915 	 484.722222 	 0.267344
0.021960 	 484.722222 	 0.269405
0.022005 	 484.722222 	 0.273283
0.022050 	 484.722222 	 0.278509
0.022095 	 484.722222 	 0.284792
0.022140 	 484.722222 	 0.291931
0.022185 	 484.722222 	 0.299670
0.022230 	 484.722222 	 0.307548
0.022275 	 484.722222 	 0.314826
0.022320 	 484.722222 	 0.320527
0.022365 	 484.722222 	 0.323600
0.022410 	 484.722222 	 0.323162
0.022455 	 484.722222 	 0.318753
0.022500 	 484.722222 	 0.310531
0.022545 	 484.722222 	 0.299337
0.022590 	 484.722222 	 0.286609
0.022635 	 484.722222 	 0.274137
0.022680 	 484.722222 	 0.263729
0.022725 	 484.722222 	 0.256835
0.022770 	 484.722222 	 0.254238
0.022815 	 484.722222 	 0.255872
0.022860 	 484.722222 	 0.260819
0.022905 	 484.722222 	 0.267484
0.022950 	 484.722222 	 0.273924
0.022995 	 484.722222 	 0.278256
0.023040 	 484.722222 	 0.279061
0.023085 	 484.722222 	 0.275682
0.023130 	 484.722222 	 0.268377
0.023175 	 484.722222 	 0.258265
0.023220 	 484.722222 	 0.247098
0.023265 	 484.722222 	 0.236906
0.023310 	 484.722222 	 0.229606
0.023355 	 484.722222 	 0.226641
0.023400 	 484.722222 	 0.228750
0.023445 	 484.722222 	 0.235892
0.023490 	 484.722222 	 0.247326
0.023535 	 484.722222 	 0.261810
0.023580 	 484.722222 	 0.277855
0.023625 	 484.722222 	 0.293959
0.023670 	 484.722222 	 0.308789
0.023715 	 484.722222 	 0.321258
0.023760 	 484.722222 	 0.330553
0.023805 	 484.722222 	 0.336111
0.023850 	 484.722222 	 0.337616
0.023895 	 484.722222 	 0.335034
0.023940 	 484.722222 	 0.328685
0.023985 	 484.722222 	 0.319333
0.024030 	 484.722222 	 0.308223
0.024075 	 484.722222 	 0.297019
0.024120 	 484.722222 	 0.287613
0.024165 	 484.722222 	 0.281800
0.024210 	 484.722222 	 0.280894
0.024255 	 484.722222 	 0.285373
0.024300 	 484.722222 	 0.294661
0.024345 	 484.722222 	 0.307141
0.024390 	 484.722222 	 0.320419
0.024435 	 484.722222 	 0.331816
0.024480 	 484.722222 	 0.338971
0.024525 	 484.722222 	 0.340413
0.024570 	 484.722222 	 0.335947
0.024615 	 484.722222 	 0.326742
0.024660 	 484.722222 	 0.315089
0.024705 	 484.722222 	 0.303878
0.024750 	 484.722222 	 0.295931
0.024795 	 484.722222 	 0.293350
0.024840 	 484.722222 	 0.297057
0.024885 	 484.722222 	 0.306631
0.024930 	 484.722222 	 0.320471
0.024975 	 484.722222 	 0.336225
0.025020 	 484.722222 	 0.351361
0.025065 	 484.722222 	 0.363717
0.025110 	 484.722222 	 0.371890
0.025155 	 484.722222 	 0.375387
0.025200 	 484.722222 	 0.374521
0.025245 	 484.722222 	 0.370131
0.025290 	 484.722222 	 0.363232
0.025335 	 484.722222 	 0.354712
0.025380 	 484.722222 	 0.345180
0.025425 	 484.722222 	 0.334974
0.025470 	 484.722222 	 0.324310
0.025515 	 484.722222 	 0.313481
0.025560 	 484.722222 	 0.303016
0.025605 	 484.722222 	 0.293712
0.025650 	 484.722222 	 0.286521
0.025695 	 484.722222 	 0.282310
0.025740 	 484.722222 	 0.281573
0.025785 	 484.722222 	 0.284206
0.025830 	 484.722222 	 0.289419
0.025875 	 484.722222 	 0.295838
0.025920 	 484.722222 	 0.301787
0.025965 	 484.722222 	 0.305674
0.026010 	 484.722222 	 0.306373
0.026055 	 484.722222 	 0.303509
0.026100 	 484.722222 	 0.297541
0.026145 	 484.722222 	 0.289632
0.026190 	 484.722222 	 0.281342
0.026235 	 484.722222 	 0.274223
0.026280 	 484.722222 	 0.269431
0.026325 	 484.722222 	 0.267461
0.026370 	 484.722222 	 0.268081
0.026415 	 484.722222 	 0.270453
0.026460 	 484.722222 	 0.273430
0.026505 	 484.722222 	 0.275915
0.026550 	 484.722222 	 0.277194
0.026595 	 484.722222 	 0.277145
0.026640 	 484.722222 	 0.276268
0.026685 	 484.722222 	 0.275531
0.026730 	 484.722222 	 0.276073
0.026775 	 484.722222 	 0.278859
0.026820 	 484.722222 	 0.284354
0.026865 	 484.722222 	 0.292331
0.026910 	 484.722222 	 0.301842
0.026955 	 484.722222 	 0.311375
0.027000 	 484.722222 	 0.319151
0.027045 	 484.722222 	 0.323508
0.027090 	 484.722222 	 0.323264
0.027135 	 484.722222 	 0.317996
0.027180 	 484.722222 	 0.308153
0.027225 	 484.722222 	 0.294986
0.027270 	 484.722222 	 0.280314
0.027315 	 484.722222 	 0.266158
0.027360 	 484.722222 	 0.254345
0.027405 	 484.722222 	 0.246145
0.027450 	 484.722222 	 0.242041
0.027495 	 484.722222 	 0.241655
0.027540 	 484.722222 	 0.243870
0.027585 	 484.722222 	 0.247095
0.027630 	 484.722222 	 0.249629
0.027675 	 484.722222 	 0.250029
0.027720 	 484.722222 	 0.247403
0.027765 	 484.722222 	 0.241566
0.027810 	 484.722222 	 0.233029
0.027855 	 484.722222 	 0.222828
0.027900 	 484.722222 	 0.212253
0.027945 	 484.722222 	 0.202538
0.027990 	 484.722222 	 0.194596
0.028035 	 484.722222 	 0.188870
0.028080 	 484.722222 	 0.185313
0.028125 	 484.722222 	 0.183503
0.028170 	 484.722222 	 0.182851
0.028215 	 484.722222 	 0.182825
0.028260 	 484.722222 	 0.183130
0.028305 	 484.722222 	 0.183797
0.028350 	 484.722222 	 0.185148
0.028395 	 484.722222 	 0.187662
0.028440 	 484.722222 	 0.191782
0.028485 	 484.722222 	 0.197725
0.028530 	 484.722222 	 0.205348
0.028575 	 484.722222 	 0.214123
0.028620 	 484.722222 	 0.223218
0.028665 	 484.722222 	 0.231661
0.028710 	 484.722222 	 0.238559
0.028755 	 484.722222 	 0.243290
0.028800 	 484.722222 	 0.245639
0.028845 	 484.722222 	 0.245830
0.028890 	 484.722222 	 0.244459
0.028935 	 484.722222 	 0.242343
0.028980 	 484.722222 	 0.240329
0.029025 	 484.722222 	 0.239102
0.029070 	 484.722222 	 0.239045
0.029115 	 484.722222 	 0.240172
0.029160 	 484.722222 	 0.242136
0.029205 	 484.722222 	 0.244324
0.029250 	 484.722222 	 0.245987
0.029295 	 484.722222 	 0.246406
0.029340 	 484.722222 	 0.245041
0.029385 	 484.722222 	 0.241652
0.029430 	 484.722222 	 0.236368
0.029475 	 484.722222 	 0.229695
0.029520 	 484.722222 	 0.222458
0.029565 	 484.722222 	 0.215679
0.029610 	 484.722222 	 0.210411
0.029655 	 484.722222 	 0.207536
0.029700 	 484.722222 	 0.207574
0.029745 	 484.722222 	 0.210531
0.029790 	 484.722222 	 0.215823
0.029835 	 484.722222 	 0.222312
0.029880 	 484.722222 	 0.228456
0.029925 	 484.722222 	 0.232572
0.029970 	 484.722222 	 0.233156
0.030015 	 484.722222 	 0.229220
0.030060 	 484.722222 	 0.220549
0.030105 	 484.722222 	 0.207837
0.030150 	 484.722222 	 0.192648
0.030195 	 484.722222 	 0.177195
0.030240 	 484.722222 	 0.163977
0.030285 	 484.722222 	 0.155346
0.030330 	 484.722222 	 0.153081
0.030375 	 484.722222 	 0.158074
0.030420 	 484.722222 	 0.170190
0.030465 	 484.722222 	 0.188314
0.030510 	 484.722222 	 0.210599
0.030555 	 484.722222 	 0.234821
0.030600 	 484.722222 	 0.258777
0.030645 	 484.722222 	 0.280633
0.030690 	 484.722222 	 0.299140
0.030735 	 484.722222 	 0.313693
0.030780 	 484.722222 	 0.324232
0.030825 	 484.722222 	 0.331040
0.030870 	 484.722222 	 0.334501
0.030915 	 484.722222 	 0.334902
0.030960 	 484.722222 	 0.332332
0.031005 	 484.722222 	 0.326709
0.031050 	 484.722222 	 0.317908
0.031095 	 484.722222 	 0.305963
0.031140 	 484.722222 	 0.291246
0.031185 	 484.722222 	 0.274585
0.031230 	 484.722222 	 0.257251
0.031275 	 484.722222 	 0.240812
0.031320 	 484.722222 	 0.226884
0.031365 	 484.722222 	 0.216821
0.031410 	 484.722222 	 0.211432
0.031455 	 484.722222 	 0.210791
0.031500 	 484.722222 	 0.214186
0.031545 	 484.722222 	 0.220231
0.031590 	 484.722222 	 0.227109
0.031635 	 484.722222 	 0.232899
0.031680 	 484.722222 	 0.235915
0.031725 	 484.722222 	 0.234989
0.031770 	 484.722222 	 0.229630
0.031815 	 484.722222 	 0.220058
0.031860 	 484.722222 	 0.207090
0.031905 	 484.722222 	 0.191939
0.031950 	 484.722222 	 0.175968
0.031995 	 484.722222 	 0.160445
0.032040 	 484.722222 	 0.146372
0.032085 	 484.722222 	 0.134383
0.032130 	 484.722222 	 0.124742
0.032175 	 484.722222 	 0.117405
0.032220 	 484.722222 	 0.112133
0.032265 	 484.722222 	 0.108606
0.032310 	 484.722222 	 0.106533
0.032355 	 484.722222 	 0.105713
0.032400 	 484.722222 	 0.106069
0.032445 	 484.722222 	 0.107641
0.032490 	 484.722222 	 0.110559
0.032535 	 484.722222 	 0.115006
0.032580 	 484.722222 	 0.121169
0.032625 	 484.722222 	 0.129199
0.032670 	 484.722222 	 0.139170
0.032715 	 484.722222 	 0.151030
0.032760 	 484.722222 	 0.164568
0.032805 	 484.722222 	 0.179376
0.032850 	 484.722222 	 0.194847
0.032895 	 484.722222 	 0.210187
0.032940 	 484.722222 	 0.224480
0.032985 	 484.722222 	 0.236776
0.033030 	 484.722222 	 0.246221
0.033075 	 484.722222 	 0.252174
0.033120 	 484.722222 	 0.254315
0.033165 	 484.722222 	 0.252700
0.033210 	 484.722222 	 0.247754
0.033255 	 484.722222 	 0.240193
0.033300 	 484.722222 	 0.230903
0.033345 	 484.722222 	 0.220783
0.033390 	 484.722222 	 0.210611
0.033435 	 484.722222 	 0.200953
0.033480 	 484.722222 	 0.192136
0.033525 	 484.722222 	 0.184301
0.033570 	 484.722222 	 0.177496
0.033615 	 484.722222 	 0.171802
0.033660 	 484.722222 	 0.167426
0.033705 	 484.722222 	 0.164745
0.033750 	 484.722222 	 0.164258
0.033795 	 484.722222 	 0.166472
0.033840 	 484.722222 	 0.171735
0.033885 	 484.722222 	 0.180056
0.033930 	 484.722222 	 0.190976
0.033975 	 484.722222 	 0.203521
0.034020 	 484.722222 	 0.216271
0.034065 	 484.722222 	 0.227522
0.034110 	 484.722222 	 0.235537
0.034155 	 484.722222 	 0.238810
0.034200 	 484.722222 	 0.236313
0.034245 	 484.722222 	 0.227652
0.034290 	 484.722222 	 0.213128
0.034335 	 484.722222 	 0.193680
0.034380 	 484.722222 	 0.170746
0.034425 	 484.722222 	 0.146066
0.034470 	 484.722222 	 0.121481
0.034515 	 484.722222 	 0.098751
0.034560 	 484.722222 	 0.079417
0.034605 	 484.722222 	 0.064710
0.034650 	 484.722222 	 0.055492
0.034695 	 484.722222 	 0.052226
0.034740 	 484.722222 	 0.054954
0.034785 	 484.722222 	 0.063280
0.034830 	 484.722222 	 0.076388
0.034875 	 484.722222 	 0.093089
0.034920 	 484.722222 	 0.111924
0.034965 	 484.722222 	 0.131315
0.035010 	 484.722222 	 0.149766
0.035055 	 484.722222 	 0.166053
0.035100 	 484.722222 	 0.179388
0.035145 	 484.722222 	 0.189499
0.035190 	 484.722222 	 0.196595
0.035235 	 484.722222 	 0.201240
0.035280 	 484.722222 	 0.204133
0.035325 	 484.722222 	 0.205870
0.035370 	 484.722222 	 0.206735
0.035415 	 484.722222 	 0.206584
0.035460 	 484.722222 	 0.204851
0.035505 	 484.722222 	 0.200679
0.035550 	 484.722222 	 0.193141
0.035595 	 484.722222 	 0.181504
0.035640 	 484.722222 	 0.165466
0.035685 	 484.722222 	 0.145308
0.035730 	 484.722222 	 0.121950
0.035775 	 484.722222 	 0.096879
0.035820 	 484.722222 	 0.071997
0.035865 	 484.722222 	 0.049423
0.035910 	 484.722222 	 0.031276
0.035955 	 484.722222 	 0.019482
0.036000 	 484.722222 	 0.015618
0.036045 	 484.722222 	 0.020775
0.036090 	 484.722222 	 0.035450
0.036135 	 484.722222 	 0.059440
0.036180 	 484.722222 	 0.091765
0.036225 	 484.722222 	 0.130631
0.036270 	 484.722222 	 0.173472
0.036315 	 484.722222 	 0.217103
0.036360 	 484.722222 	 0.258006
0.036405 	 484.722222 	 0.292718
0.036450 	 484.722222 	 0.318289
0.036495 	 484.722222 	 0.332716
0.036540 	 484.722222 	 0.335275
0.036585 	 484.722222 	 0.326655
0.036630 	 484.722222 	 0.308872
0.036675 	 484.722222 	 0.284949
0.036720 	 484.722222 	 0.258431
0.036765 	 484.722222 	 0.232832
0.036810 	 484.722222 	 0.211116
0.036855 	 484.722222 	 0.195321
0.036900 	 484.722222 	 0.186380
0.036945 	 484.722222 	 0.184161
0.036990 	 484.722222 	 0.187673
0.037035 	 484.722222 	 0.195381
0.037080 	 484.722222 	 0.205530
0.037125 	 484.722222 	 0.216424
0.037170 	 484.722222 	 0.226587
0.037215 	 484.722222 	 0.234832
0.037260 	 484.722222 	 0.240248
0.037305 	 484.722222 	 0.242151
0.037350 	 484.722222 	 0.240055
0.037395 	 484.722222 	 0.233681
0.037440 	 484.722222 	 0.223018
0.037485 	 484.722222 	 0.208401
0.037530 	 484.722222 	 0.190582
0.037575 	 484.722222 	 0.170738
0.037620 	 484.722222 	 0.150410
0.037665 	 484.722222 	 0.131354
0.037710 	 484.722222 	 0.115335
0.037755 	 484.722222 	 0.103894
0.037800 	 484.722222 	 0.098139
0.037845 	 484.722222 	 0.098595
0.037890 	 484.722222 	 0.105130
0.037935 	 484.722222 	 0.116974
0.037980 	 484.722222 	 0.132804
0.038025 	 484.722222 	 0.150895
0.038070 	 484.722222 	 0.169286
0.038115 	 484.722222 	 0.185971
0.038160 	 484.722222 	 0.199080
0.038205 	 484.722222 	 0.207039
0.038250 	 484.722222 	 0.208708
0.038295 	 484.722222 	 0.203482
0.038340 	 484.722222 	 0.191333
0.038385 	 484.722222 	 0.172803
0.038430 	 484.722222 	 0.148923
0.038475 	 484.722222 	 0.121098
0.038520 	 484.722222 	 0.090950
0.038565 	 484.722222 	 0.060164
0.038610 	 484.722222 	 0.030366
0.038655 	 484.722222 	 0.003043
0.038700 	 484.722222 	 -0.020489
0.038745 	 484.722222 	 -0.039087
0.038790 	 484.722222 	 -0.051775
0.038835 	 484.722222 	 -0.057765
0.038880 	 484.722222 	 -0.056524
0.038925 	 484.722222 	 -0.047883
0.038970 	 484.722222 	 -0.032149
0.039015 	 484.722222 	 -0.010198
0.039060 	 484.722222 	 0.016522
0.039105 	 484.722222 	 0.046100
0.039150 	 484.722222 	 0.076386
0.039195 	 484.722222 	 0.105311
0.039240 	 484.722222 	 0.131205
0.039285 	 484.722222 	 0.153074
0.039330 	 484.722222 	 0.170712
0.039375 	 484.722222 	 0.184647
0.039420 	 484.722222 	 0.195897
0.039465 	 484.722222 	 0.205605
0.039510 	 484.722222 	 0.214642
0.039555 	 484.722222 	 0.223293
0.039600 	 484.722222 	 0.231095
0.039645 	 484.722222 	 0.236902
0.039690 	 484.722222 	 0.239136
0.039735 	 484.722222 	 0.236180
0.039780 	 484.722222 	 0.226795
0.039825 	 484.722222 	 0.210460
0.039870 	 484.722222 	 0.187550
0.039915 	 484.722222 	 0.159307
0.039960 	 484.722222 	 0.127630
0.040005 	 484.722222 	 0.094737
0.040050 	 484.722222 	 0.062806
0.040095 	 484.722222 	 0.033667
0.040140 	 484.722222 	 0.008622
0.040185 	 484.722222 	 -0.011590
0.040230 	 484.722222 	 -0.026707
0.040275 	 484.722222 	 -0.036782
0.040320 	 484.722222 	 -0.042012
0.040365 	 484.722222 	 -0.042614
0.040410 	 484.722222 	 -0.038764
0.040455 	 484.722222 	 -0.030619
0.040500 	 484.722222 	 -0.018381
0.040545 	 484.722222 	 -0.002365
0.040590 	 484.722222 	 0.016951
0.040635 	 484.722222 	 0.038917
0.040680 	 484.722222 	 0.062753
0.040725 	 484.722222 	 0.087608
0.040770 	 484.722222 	 0.112620
0.040815 	 484.722222 	 0.136958
0.040860 	 484.722222 	 0.159834
0.040905 	 484.722222 	 0.180493
0.040950 	 484.722222 	 0.198201
0.040995 	 484.722222 	 0.212254
0.041040 	 484.722222 	 0.222012
0.041085 	 484.722222 	 0.226968
0.041130 	 484.722222 	 0.226840
0.041175 	 484.722222 	 0.221650
0.041220 	 484.722222 	 0.211766
0.041265 	 484.722222 	 0.197896
0.041310 	 484.722222 	 0.181026
0.041355 	 484.722222 	 0.162304
0.041400 	 484.722222 	 0.142915
0.041445 	 484.722222 	 0.123953
0.041490 	 484.722222 	 0.106338
0.041535 	 484.722222 	 0.090769
0.041580 	 484.722222 	 0.077731
0.041625 	 484.722222 	 0.067522
0.041670 	 484.722222 	 0.060302
0.041715 	 484.722222 	 0.056125
0.041760 	 484.722222 	 0.054954
0.041805 	 484.722222 	 0.056656
0.041850 	 484.722222 	 0.060972
0.041895 	 484.722222 	 0.067495
0.041940 	 484.722222 	 0.075647
0.041985 	 484.722222 	 0.084683
0.042030 	 484.722222 	 0.093715
0.042075 	 484.722222 	 0.101763
0.042120 	 484.722222 	 0.107824
0.042165 	 484.722222 	 0.110952
0.042210 	 484.722222 	 0.110346
0.042255 	 484.722222 	 0.105434
0.042300 	 484.722222 	 0.095941
0.042345 	 484.722222 	 0.081936
0.042390 	 484.722222 	 0.063843
0.042435 	 484.722222 	 0.042420
0.042480 	 484.722222 	 0.018701
0.042525 	 484.722222 	 -0.006082
0.042570 	 484.722222 	 -0.030583
0.042615 	 484.722222 	 -0.053410
0.042660 	 484.722222 	 -0.073163
0.042705 	 484.722222 	 -0.088445
0.042750 	 484.722222 	 -0.097856
0.042795 	 484.722222 	 -0.100008
0.042840 	 484.722222 	 -0.093586
0.042885 	 484.722222 	 -0.077492
0.042930 	 484.722222 	 -0.051064
0.042975 	 484.722222 	 -0.014351
0.043020 	 484.722222 	 0.031641
0.043065 	 484.722222 	 0.084785
0.043110 	 484.722222 	 0.141866
0.043155 	 484.722222 	 0.198829
0.043200 	 484.722222 	 0.251263
0.043245 	 484.722222 	 0.295039
0.043290 	 484.722222 	 0.326974
0.043335 	 484.722222 	 0.345386
0.043380 	 484.722222 	 0.350369
0.043425 	 484.722222 	 0.343720
0.043470 	 484.722222 	 0.328502
0.043515 	 484.722222 	 0.308332
0.043560 	 484.722222 	 0.286557
0.043605 	 484.722222 	 0.265521
0.043650 	 484.722222 	 0.246103
0.043695 	 484.722222 	 0.227653
0.043740 	 484.722222 	 0.208322
0.043785 	 484.722222 	 0.185716
0.043830 	 484.722222 	 0.157689
0.043875 	 484.722222 	 0.123067
0.043920 	 484.722222 	 0.082114
0.043965 	 484.722222 	 0.036623
0.044010 	 484.722222 	 -0.010384
0.044055 	 484.722222 	 -0.055255
0.044100 	 484.722222 	 -0.094448
0.044145 	 484.722222 	 -0.125229
0.044190 	 484.722222 	 -0.146142
0.044235 	 484.722222 	 -0.157187
0.044280 	 484.722222 	 -0.159663
0.044325 	 484.722222 	 -0.155781
0.044370 	 484.722222 	 -0.148134
0.044415 	 484.722222 	 -0.139187
0.044460 	 484.722222 	 -0.130891
0.044505 	 484.722222 	 -0.124470
0.044550 	 484.722222 	 -0.120392
0.044595 	 484.722222 	 -0.118485
0.044640 	 484.722222 	 -0.118117
0.044685 	 484.722222 	 -0.118383
0.044730 	 484.722222 	 -0.118267
0.044775 	 484.722222 	 -0.116748
0.044820 	 484.722222 	 -0.112887
0.044865 	 484.722222 	 -0.105900
0.044910 	 484.722222 	 -0.095236
0.044955 	 484.722222 	 -0.080670
0.045000 	 484.722222 	 -0.062371
0.045045 	 484.722222 	 -0.040937
0.045090 	 484.722222 	 -0.017359
0.045135 	 484.722222 	 0.007091
0.045180 	 484.722222 	 0.031027
0.045225 	 484.722222 	 0.053142
0.045270 	 484.722222 	 0.072385
0.045315 	 484.722222 	 0.088075
0.045360 	 484.722222 	 0.099943
0.045405 	 484.722222 	 0.108111
0.045450 	 484.722222 	 0.113021
0.045495 	 484.722222 	 0.115356
0.045540 	 484.722222 	 0.115969
0.045585 	 484.722222 	 0.115827
0.045630 	 484.722222 	 0.115949
0.045675 	 484.722222 	 0.117311
0.045720 	 484.722222 	 0.120705
0.045765 	 484.722222 	 0.126538
0.045810 	 484.722222 	 0.134618
0.045855 	 484.722222 	 0.143995
0.045900 	 484.722222 	 0.152916
0.045945 	 484.722222 	 0.158972
0.045990 	 484.722222 	 0.159443
0.046035 	 484.722222 	 0.151806
0.046080 	 484.722222 	 0.134298
0.046125 	 484.722222 	 0.106396
0.046170 	 484.722222 	 0.069073
0.046215 	 484.722222 	 0.024738
0.046260 	 484.722222 	 -0.023164
0.046305 	 484.722222 	 -0.070813
0.046350 	 484.722222 	 -0.114789
0.046395 	 484.722222 	 -0.152760
0.046440 	 484.722222 	 -0.183900
0.046485 	 484.722222 	 -0.208931
0.046530 	 484.722222 	 -0.229754
0.046575 	 484.722222 	 -0.248779
0.046620 	 484.722222 	 -0.268107
0.046665 	 484.722222 	 -0.288809
0.046710 	 484.722222 	 -0.310466
0.046755 	 484.722222 	 -0.331122
0.046800 	 484.722222 	 -0.347646
0.046845 	 484.722222 	 -0.356410
0.046890 	 484.722222 	 -0.354127
0.046935 	 484.722222 	 -0.338619
0.046980 	 484.722222 	 -0.309350
0.047025 	 484.722222 	 -0.267599
0.047070 	 484.722222 	 -0.216266
0.047115 	 484.722222 	 -0.159367
0.047160 	 484.722222 	 -0.101369
0.047205 	 484.722222 	 -0.046517
0.047250 	 484.722222 	 0.001713
0.047295 	 484.722222 	 0.040930
0.047340 	 484.722222 	 0.069903
0.047385 	 484.722222 	 0.088437
0.047430 	 484.722222 	 0.097114
0.047475 	 484.722222 	 0.097007
0.047520 	 484.722222 	 0.089431
0.047565 	 484.722222 	 0.075770
0.047610 	 484.722222 	 0.057403
0.047655 	 484.722222 	 0.035686
0.047700 	 484.722222 	 0.011962
0.047745 	 484.722222 	 -0.012433
0.047790 	 484.722222 	 -0.036195
0.047835 	 484.722222 	 -0.058112
0.047880 	 484.722222 	 -0.077136
0.047925 	 484.722222 	 -0.092466
0.047970 	 484.722222 	 -0.103603
0.048015 	 484.722222 	 -0.110378
0.048060 	 484.722222 	 -0.112946
0.048105 	 484.722222 	 -0.111745
0.048150 	 484.722222 	 -0.107437
0.048195 	 484.722222 	 -0.100838
0.048240 	 484.722222 	 -0.092843
0.048285 	 484.722222 	 -0.084361
0.048330 	 484.722222 	 -0.076248
0.048375 	 484.722222 	 -0.069266
0.048420 	 484.722222 	 -0.064047
0.048465 	 484.722222 	 -0.061084
0.048510 	 484.722222 	 -0.060732
0.048555 	 484.722222 	 -0.063226
0.048600 	 484.722222 	 -0.068696
0.048645 	 484.722222 	 -0.077174
0.048690 	 484.722222 	 -0.088584
0.048735 	 484.722222 	 -0.102709
0.048780 	 484.722222 	 -0.119155
0.048825 	 484.722222 	 -0.137310
0.048870 	 484.722222 	 -0.156337
0.048915 	 484.722222 	 -0.175197
0.048960 	 484.722222 	 -0.192725
0.049005 	 484.722222 	 -0.207737
0.049050 	 484.722222 	 -0.219165
0.049095 	 484.722222 	 -0.226170
0.049140 	 484.722222 	 -0.228233
0.049185 	 484.722222 	 -0.225182
0.049230 	 484.722222 	 -0.217174
0.049275 	 484.722222 	 -0.204626
0.049320 	 484.722222 	 -0.188134
0.049365 	 484.722222 	 -0.168396
0.049410 	 484.722222 	 -0.146162
0.049455 	 484.722222 	 -0.122208
0.049500 	 484.722222 	 -0.097344
0.049545 	 484.722222 	 -0.072417
0.049590 	 484.722222 	 -0.048301
0.049635 	 484.722222 	 -0.025864
0.049680 	 484.722222 	 -0.005914
0.049725 	 484.722222 	 0.010861
0.049770 	 484.722222 	 0.023941
0.049815 	 484.722222 	 0.032975
0.049860 	 484.722222 	 0.037746
0.049905 	 484.722222 	 0.038106
0.049950 	 484.722222 	 0.033909
0.049995 	 484.722222 	 0.024974
0.050040 	 484.722222 	 0.011125
0.050085 	 484.722222 	 -0.007710
0.050130 	 484.722222 	 -0.031339
0.050175 	 484.722222 	 -0.059148
0.050220 	 484.722222 	 -0.089994
0.050265 	 484.722222 	 -0.122205
0.050310 	 484.722222 	 -0.153731
0.050355 	 484.722222 	 -0.182409
0.050400 	 484.722222 	 -0.206311
0.050445 	 484.722222 	 -0.224079
0.050490 	 484.722222 	 -0.235166
0.050535 	 484.722222 	 -0.239897
0.050580 	 484.722222 	 -0.239342
0.050625 	 484.722222 	 -0.235009
0.050670 	 484.722222 	 -0.228440
0.050715 	 484.722222 	 -0.220818
0.050760 	 484.722222 	 -0.212679
0.050805 	 484.722222 	 -0.203826
0.050850 	 484.722222 	 -0.193440
0.050895 	 484.722222 	 -0.180378
0.050940 	 484.722222 	 -0.163565
0.050985 	 484.722222 	 -0.142374
0.051030 	 484.722222 	 -0.116891
0.051075 	 484.722222 	 -0.088013
0.051120 	 484.722222 	 -0.057348
0.051165 	 484.722222 	 -0.026964
0.051210 	 484.722222 	 0.000941
0.051255 	 484.722222 	 0.024372
0.051300 	 484.722222 	 0.041782
0.051345 	 484.722222 	 0.052202
0.051390 	 484.722222 	 0.055248
0.051435 	 484.722222 	 0.051034
0.051480 	 484.722222 	 0.040045
0.051525 	 484.722222 	 0.023022
0.051570 	 484.722222 	 0.000880
0.051615 	 484.722222 	 -0.025309
0.051660 	 484.722222 	 -0.054310
0.051705 	 484.722222 	 -0.084715
0.051750 	 484.722222 	 -0.114952
0.051795 	 484.722222 	 -0.143358
0.051840 	 484.722222 	 -0.168291
0.051885 	 484.722222 	 -0.188284
0.051930 	 484.722222 	 -0.202205
0.051975 	 484.722222 	 -0.209386
0.052020 	 484.722222 	 -0.209711
0.052065 	 484.722222 	 -0.203642
0.052110 	 484.722222 	 -0.192174
0.052155 	 484.722222 	 -0.176756
0.052200 	 484.722222 	 -0.159157
0.052245 	 484.722222 	 -0.141321
0.052290 	 484.722222 	 -0.125190
0.052335 	 484.722222 	 -0.112535
0.052380 	 484.722222 	 -0.104777
0.052425 	 484.722222 	 -0.102838
0.052470 	 484.722222 	 -0.107033
0.052515 	 484.722222 	 -0.117027
0.052560 	 484.722222 	 -0.131873
0.052605 	 484.722222 	 -0.150141
0.052650 	 484.722222 	 -0.170108
0.052695 	 484.722222 	 -0.189993
0.052740 	 484.722222 	 -0.208177
0.052785 	 484.722222 	 -0.223374
0.052830 	 484.722222 	 -0.234726
0.052875 	 484.722222 	 -0.241806
0.052920 	 484.722222 	 -0.244568
0.052965 	 484.722222 	 -0.243257
0.053010 	 484.722222 	 -0.238334
0.053055 	 484.722222 	 -0.230455
0.053100 	 484.722222 	 -0.220481
0.053145 	 484.722222 	 -0.209530
0.053190 	 484.722222 	 -0.199007
0.053235 	 484.722222 	 -0.190563
0.053280 	 484.722222 	 -0.185960
0.053325 	 484.722222 	 -0.186821
0.053370 	 484.722222 	 -0.194303
0.053415 	 484.722222 	 -0.208772
0.053460 	 484.722222 	 -0.229550
0.053505 	 484.722222 	 -0.254831
0.053550 	 484.722222 	 -0.281805
0.053595 	 484.722222 	 -0.306997
0.053640 	 484.722222 	 -0.326774
0.053685 	 484.722222 	 -0.337910
0.053730 	 484.722222 	 -0.338106
0.053775 	 484.722222 	 -0.326360
0.053820 	 484.722222 	 -0.303105
0.053865 	 484.722222 	 -0.270119
0.053910 	 484.722222 	 -0.230217
0.053955 	 484.722222 	 -0.186820
0.054000 	 484.722222 	 -0.143483
0.054045 	 484.722222 	 -0.103478
0.054090 	 484.722222 	 -0.069488
0.054135 	 484.722222 	 -0.043431
0.054180 	 484.722222 	 -0.026416
0.054225 	 484.722222 	 -0.018776
0.054270 	 484.722222 	 -0.020162
0.054315 	 484.722222 	 -0.029640
0.054360 	 484.722222 	 -0.045802
0.054405 	 484.722222 	 -0.066882
0.054450 	 484.722222 	 -0.090890
0.054495 	 484.722222 	 -0.115780
0.054540 	 484.722222 	 -0.139647
0.054585 	 484.722222 	 -0.160919
0.054630 	 484.722222 	 -0.178525
0.054675 	 484.722222 	 -0.191983
0.054720 	 484.722222 	 -0.201387
0.054765 	 484.722222 	 -0.207283
0.054810 	 484.722222 	 -0.210464
0.054855 	 484.722222 	 -0.211715
0.054900 	 484.722222 	 -0.211598
0.054945 	 484.722222 	 -0.210302
0.054990 	 484.722222 	 -0.207617
0.055035 	 484.722222 	 -0.203029
0.055080 	 484.722222 	 -0.195907
0.055125 	 484.722222 	 -0.185731
0.055170 	 484.722222 	 -0.172305
0.055215 	 484.722222 	 -0.155892
0.055260 	 484.722222 	 -0.137255
0.055305 	 484.722222 	 -0.117578
0.055350 	 484.722222 	 -0.098323
0.055395 	 484.722222 	 -0.081034
0.055440 	 484.722222 	 -0.067150
0.055485 	 484.722222 	 -0.057857
0.055530 	 484.722222 	 -0.053988
0.055575 	 484.722222 	 -0.055980
0.055620 	 484.722222 	 -0.063866
0.055665 	 484.722222 	 -0.077280
0.055710 	 484.722222 	 -0.095476
0.055755 	 484.722222 	 -0.117348
0.055800 	 484.722222 	 -0.141468
0.055845 	 484.722222 	 -0.166160
0.055890 	 484.722222 	 -0.189620
0.055935 	 484.722222 	 -0.210089
0.055980 	 484.722222 	 -0.226051
0.056025 	 484.722222 	 -0.236439
0.056070 	 484.722222 	 -0.240789
0.056115 	 484.722222 	 -0.239320
0.056160 	 484.722222 	 -0.232895
0.056205 	 484.722222 	 -0.222887
0.056250 	 484.722222 	 -0.210949
0.056295 	 484.722222 	 -0.198757
0.056340 	 484.722222 	 -0.187758
0.056385 	 484.722222 	 -0.178996
0.056430 	 484.722222 	 -0.173030
0.056475 	 484.722222 	 -0.169966
0.056520 	 484.722222 	 -0.169567
0.056565 	 484.722222 	 -0.171419
0.056610 	 484.722222 	 -0.175086
0.056655 	 484.722222 	 -0.180226
0.056700 	 484.722222 	 -0.186634
0.056745 	 484.722222 	 -0.194208
0.056790 	 484.722222 	 -0.202863
0.056835 	 484.722222 	 -0.212420
0.056880 	 484.722222 	 -0.222514
0.056925 	 484.722222 	 -0.232559
0.056970 	 484.722222 	 -0.241770
0.057015 	 484.722222 	 -0.249256
0.057060 	 484.722222 	 -0.254157
0.057105 	 484.722222 	 -0.255784
0.057150 	 484.722222 	 -0.253743
0.057195 	 484.722222 	 -0.248001
0.057240 	 484.722222 	 -0.238891
0.057285 	 484.722222 	 -0.227053
0.057330 	 484.722222 	 -0.213328
0.057375 	 484.722222 	 -0.198631
0.057420 	 484.722222 	 -0.183831
0.057465 	 484.722222 	 -0.169660
0.057510 	 484.722222 	 -0.156660
0.057555 	 484.722222 	 -0.145167
0.057600 	 484.722222 	 -0.135335
0.057645 	 484.722222 	 -0.127178
0.057690 	 484.722222 	 -0.120613
0.057735 	 484.722222 	 -0.115517
0.057780 	 484.722222 	 -0.111759
0.057825 	 484.722222 	 -0.109245
0.057870 	 484.722222 	 -0.107935
0.057915 	 484.722222 	 -0.107875
0.057960 	 484.722222 	 -0.109202
0.058005 	 484.722222 	 -0.112139
0.058050 	 484.722222 	 -0.116962
0.058095 	 484.722222 	 -0.123946
0.058140 	 484.722222 	 -0.133271
0.058185 	 484.722222 	 -0.144929
0.058230 	 484.722222 	 -0.158633
0.058275 	 484.722222 	 -0.173762
0.058320 	 484.722222 	 -0.189369
0.058365 	 484.722222 	 -0.204262
0.058410 	 484.722222 	 -0.217165
0.058455 	 484.722222 	 -0.226930
0.058500 	 484.722222 	 -0.232762
0.058545 	 484.722222 	 -0.234413
0.058590 	 484.722222 	 -0.232288
0.058635 	 484.722222 	 -0.227432
0.058680 	 484.722222 	 -0.221396
0.058725 	 484.722222 	 -0.215976
0.058770 	 484.722222 	 -0.212905
0.058815 	 484.722222 	 -0.213542
0.058860 	 484.722222 	 -0.218627
0.058905 	 484.722222 	 -0.228163
0.058950 	 484.722222 	 -0.241454
0.058995 	 484.722222 	 -0.257270
0.059040 	 484.722222 	 -0.274111
0.059085 	 484.722222 	 -0.290503
0.059130 	 484.722222 	 -0.305239
0.059175 	 484.722222 	 -0.317526
0.059220 	 484.722222 	 -0.326992
0.059265 	 484.722222 	 -0.333585
0.059310 	 484.722222 	 -0.337387
0.059355 	 484.722222 	 -0.338418
0.059400 	 484.722222 	 -0.336510
0.059445 	 484.722222 	 -0.331275
0.059490 	 484.722222 	 -0.322212
0.059535 	 484.722222 	 -0.308908
0.059580 	 484.722222 	 -0.291294
0.059625 	 484.722222 	 -0.269861
0.059670 	 484.722222 	 -0.245775
0.059715 	 484.722222 	 -0.220838
0.059760 	 484.722222 	 -0.197278
0.059805 	 484.722222 	 -0.177413
0.059850 	 484.722222 	 -0.163239
0.059895 	 484.722222 	 -0.156062
0.059940 	 484.722222 	 -0.156233
0.059985 	 484.722222 	 -0.163065
0.060030 	 484.722222 	 -0.174953
0.060075 	 484.722222 	 -0.189666
0.060120 	 484.722222 	 -0.204750
0.060165 	 484.722222 	 -0.217960
0.060210 	 484.722222 	 -0.227625
0.060255 	 484.722222 	 -0.232882
0.060300 	 484.722222 	 -0.233738
0.060345 	 484.722222 	 -0.230970
0.060390 	 484.722222 	 -0.225892
0.060435 	 484.722222 	 -0.220055
0.060480 	 484.722222 	 -0.214940
0.060525 	 484.722222 	 -0.211708
0.060570 	 484.722222 	 -0.211042
0.060615 	 484.722222 	 -0.213092
0.060660 	 484.722222 	 -0.217524
0.060705 	 484.722222 	 -0.223636
0.060750 	 484.722222 	 -0.230524
0.060795 	 484.722222 	 -0.237255
0.060840 	 484.722222 	 -0.243021
0.060885 	 484.722222 	 -0.247259
0.060930 	 484.722222 	 -0.249717
0.060975 	 484.722222 	 -0.250476
0.061020 	 484.722222 	 -0.249900
0.061065 	 484.722222 	 -0.248552
0.061110 	 484.722222 	 -0.247067
0.061155 	 484.722222 	 -0.246011
0.061200 	 484.722222 	 -0.245752
0.061245 	 484.722222 	 -0.246368
0.061290 	 484.722222 	 -0.247618
0.061335 	 484.722222 	 -0.248983
0.061380 	 484.722222 	 -0.249774
0.061425 	 484.722222 	 -0.249296
0.061470 	 484.722222 	 -0.247009
0.061515 	 484.722222 	 -0.242668
0.061560 	 484.722222 	 -0.236393
0.061605 	 484.722222 	 -0.228655
0.061650 	 484.722222 	 -0.220168
0.061695 	 484.722222 	 -0.211735
0.061740 	 484.722222 	 -0.204068
0.061785 	 484.722222 	 -0.197639
0.061830 	 484.722222 	 -0.192615
0.061875 	 484.722222 	 -0.188875
0.061920 	 484.722222 	 -0.186117
0.061965 	 484.722222 	 -0.184021
0.062010 	 484.722222 	 -0.182407
0.062055 	 484.722222 	 -0.181351
0.062100 	 484.722222 	 -0.181202
0.062145 	 484.722222 	 -0.182506
0.062190 	 484.722222 	 -0.185835
0.062235 	 484.722222 	 -0.191579
0.062280 	 484.722222 	 -0.199762
0.062325 	 484.722222 	 -0.209926
0.062370 	 484.722222 	 -0.221147
0.062415 	 484.722222 	 -0.232174
0.062460 	 484.722222 	 -0.241672
0.062505 	 484.722222 	 -0.248520
0.062550 	 484.722222 	 -0.252086
0.062595 	 484.722222 	 -0.252411
0.062640 	 484.722222 	 -0.250253
0.062685 	 484.722222 	 -0.246970
0.062730 	 484.722222 	 -0.244256
0.062775 	 484.722222 	 -0.243796
0.062820 	 484.722222 	 -0.246891
0.062865 	 484.722222 	 -0.254165
0.062910 	 484.722222 	 -0.265393
0.062955 	 484.722222 	 -0.279508
0.063000 	 484.722222 	 -0.294787
0.063045 	 484.722222 	 -0.309173
0.063090 	 484.722222 	 -0.320676
0.063135 	 484.722222 	 -0.327760
0.063180 	 484.722222 	 -0.329641
0.063225 	 484.722222 	 -0.326427
0.063270 	 484.722222 	 -0.319070
0.063315 	 484.722222 	 -0.309142
0.063360 	 484.722222 	 -0.298488
0.063405 	 484.722222 	 -0.288828
0.063450 	 484.722222 	 -0.281416
0.063495 	 484.722222 	 -0.276815
0.063540 	 484.722222 	 -0.274854
0.063585 	 484.722222 	 -0.274771
0.063630 	 484.722222 	 -0.275491
0.063675 	 484.722222 	 -0.275979
0.063720 	 484.722222 	 -0.275554
0.063765 	 484.722222 	 -0.274094
0.063810 	 484.722222 	 -0.272057
0.063855 	 484.722222 	 -0.270328
0.063900 	 484.722222 	 -0.269930
0.063945 	 484.722222 	 -0.271674
0.063990 	 484.722222 	 -0.275870
0.064035 	 484.722222 	 -0.282169
0.064080 	 484.722222 	 -0.289601
0.064125 	 484.722222 	 -0.296797
0.064170 	 484.722222 	 -0.302340
0.064215 	 484.722222 	 -0.305144
0.064260 	 484.722222 	 -0.304754
0.064305 	 484.722222 	 -0.301480
0.064350 	 484.722222 	 -0.296330
0.064395 	 484.722222 	 -0.290755
0.064440 	 484.722222 	 -0.286288
0.064485 	 484.722222 	 -0.284182
0.064530 	 484.722222 	 -0.285146
0.064575 	 484.722222 	 -0.289245
0.064620 	 484.722222 	 -0.295992
0.064665 	 484.722222 	 -0.304571
0.064710 	 484.722222 	 -0.314117
0.064755 	 484.722222 	 -0.323945
0.064800 	 484.722222 	 -0.333660
0.064845 	 484.722222 	 -0.343110
0.064890 	 484.722222 	 -0.352212
0.064935 	 484.722222 	 -0.360735
0.064980 	 484.722222 	 -0.368132
0.065025 	 484.722222 	 -0.373508
0.065070 	 484.722222 	 -0.375768
0.065115 	 484.722222 	 -0.373911
0.065160 	 484.722222 	 -0.367400
0.065205 	 484.722222 	 -0.356473
0.065250 	 484.722222 	 -0.342292
0.065295 	 484.722222 	 -0.326844
0.065340 	 484.722222 	 -0.312591
0.065385 	 484.722222 	 -0.301948
0.065430 	 484.722222 	 -0.296712
0.065475 	 484.722222 	 -0.297598
0.065520 	 484.722222 	 -0.304020
0.065565 	 484.722222 	 -0.314192
0.065610 	 484.722222 	 -0.325516
0.065655 	 484.722222 	 -0.335183
0.065700 	 484.722222 	 -0.340822
0.065745 	 484.722222 	 -0.341031
0.065790 	 484.722222 	 -0.335668
0.065835 	 484.722222 	 -0.325828
0.065880 	 484.722222 	 -0.313534
0.065925 	 484.722222 	 -0.301235
0.065970 	 484.722222 	 -0.291242
0.066015 	 484.722222 	 -0.285257
0.066060 	 484.722222 	 -0.284075
0.066105 	 484.722222 	 -0.287539
0.066150 	 484.722222 	 -0.294691
0.066195 	 484.722222 	 -0.304072
0.066240 	 484.722222 	 -0.314054
0.066285 	 484.722222 	 -0.323127
0.066330 	 484.722222 	 -0.330087
0.066375 	 484.722222 	 -0.334095
0.066420 	 484.722222 	 -0.334662
0.066465 	 484.722222 	 -0.331589
0.066510 	 484.722222 	 -0.324923
0.066555 	 484.722222 	 -0.314949
0.066600 	 484.722222 	 -0.302231
0.066645 	 484.722222 	 -0.287648
0.066690 	 484.722222 	 -0.272400
0.066735 	 484.722222 	 -0.257935
0.066780 	 484.722222 	 -0.245785
0.066825 	 484.722222 	 -0.237320
0.066870 	 484.722222 	 -0.233486
0.066915 	 484.722222 	 -0.234575
0.066960 	 484.722222 	 -0.240109
0.067005 	 484.722222 	 -0.248874
0.067050 	 484.722222 	 -0.259122
0.067095 	 484.722222 	 -0.268888
0.067140 	 484.722222 	 -0.276381
0.067185 	 484.722222 	 -0.280343
0.067230 	 484.722222 	 -0.280301
0.067275 	 484.722222 	 -0.276662
0.067320 	 484.722222 	 -0.270610
0.067365 	 484.722222 	 -0.263853
0.067410 	 484.722222 	 -0.258257
0.067455 	 484.722222 	 -0.255455
0.067500 	 484.722222 	 -0.256518
0.067545 	 484.722222 	 -0.261748
0.067590 	 484.722222 	 -0.270643
0.067635 	 484.722222 	 -0.282028
0.067680 	 484.722222 	 -0.294312
0.067725 	 484.722222 	 -0.305818
0.067770 	 484.722222 	 -0.315103
0.067815 	 484.722222 	 -0.321191
0.067860 	 484.722222 	 -0.323693
0.067905 	 484.722222 	 -0.322781
0.067950 	 484.722222 	 -0.319043
0.067995 	 484.722222 	 -0.313285
0.068040 	 484.722222 	 -0.306324
0.068085 	 484.722222 	 -0.298848
0.068130 	 484.722222 	 -0.291372
0.068175 	 484.722222 	 -0.284288
0.068220 	 484.722222 	 -0.277982
0.068265 	 484.722222 	 -0.272940
0.068310 	 484.722222 	 -0.269800
0.068355 	 484.722222 	 -0.269287
0.068400 	 484.722222 	 -0.272039
0.068445 	 484.722222 	 -0.278365
0.068490 	 484.722222 	 -0.287997
0.068535 	 484.722222 	 -0.299964
0.068580 	 484.722222 	 -0.312628
0.068625 	 484.722222 	 -0.323937
0.068670 	 484.722222 	 -0.331859
0.068715 	 484.722222 	 -0.334880
0.068760 	 484.722222 	 -0.332454
0.068805 	 484.722222 	 -0.325244
0.068850 	 484.722222 	 -0.315079
0.068895 	 484.722222 	 -0.304581
0.068940 	 484.722222 	 -0.296562
0.068985 	 484.722222 	 -0.293328
0.069030 	 484.722222 	 -0.296067
0.069075 	 484.722222 	 -0.304519
0.069120 	 484.722222 	 -0.317007
0.069165 	 484.722222 	 -0.330851
0.069210 	 484.722222 	 -0.343039
0.069255 	 484.722222 	 -0.350994
0.069300 	 484.722222 	 -0.353202
0.069345 	 484.722222 	 -0.349551
0.069390 	 484.722222 	 -0.341281
0.069435 	 484.722222 	 -0.330575
0.069480 	 484.722222 	 -0.319930
0.069525 	 484.722222 	 -0.311488
0.069570 	 484.722222 	 -0.306537
0.069615 	 484.722222 	 -0.305300
0.069660 	 484.722222 	 -0.307064
0.069705 	 484.722222 	 -0.310571
0.069750 	 484.722222 	 -0.314529
0.069795 	 484.722222 	 -0.318062
0.069840 	 484.722222 	 -0.320951
0.069885 	 484.722222 	 -0.323611
0.069930 	 484.722222 	 -0.326820
0.069975 	 484.722222 	 -0.331329
0.070020 	 484.722222 	 -0.337481
0.070065 	 484.722222 	 -0.345011
0.070110 	 484.722222 	 -0.353063
0.070155 	 484.722222 	 -0.360440
0.070200 	 484.722222 	 -0.365975
0.070245 	 484.722222 	 -0.368896
0.070290 	 484.722222 	 -0.369041
0.070335 	 484.722222 	 -0.366860
0.070380 	 484.722222 	 -0.363200
0.070425 	 484.722222 	 -0.358967
0.070470 	 484.722222 	 -0.354791
0.070515 	 484.722222 	 -0.350835
0.070560 	 484.722222 	 -0.346818
0.070605 	 484.722222 	 -0.342260
0.070650 	 484.722222 	 -0.336846
0.070695 	 484.722222 	 -0.330775
0.070740 	 484.722222 	 -0.324949
0.070785 	 484.722222 	 -0.320896
0.070830 	 484.722222 	 -0.320425
0.070875 	 484.722222 	 -0.325103
0.070920 	 484.722222 	 -0.335710
0.070965 	 484.722222 	 -0.351852
0.071010 	 484.722222 	 -0.371867
0.071055 	 484.722222 	 -0.393089
0.071100 	 484.722222 	 -0.412392
0.071145 	 484.722222 	 -0.426885
0.071190 	 484.722222 	 -0.434561
0.071235 	 484.722222 	 -0.434719
0.071280 	 484.722222 	 -0.428051
0.071325 	 484.722222 	 -0.416396
0.071370 	 484.722222 	 -0.402234
0.071415 	 484.722222 	 -0.388087
0.071460 	 484.722222 	 -0.375994
0.071505 	 484.722222 	 -0.367187
0.071550 	 484.722222 	 -0.362022
0.071595 	 484.722222 	 -0.360146
0.071640 	 484.722222 	 -0.360792
0.071685 	 484.722222 	 -0.363086
0.071730 	 484.722222 	 -0.366283
0.071775 	 484.722222 	 -0.369853
0.071820 	 484.722222 	 -0.373465
0.071865 	 484.722222 	 -0.376892
0.071910 	 484.722222 	 -0.379941
0.071955 	 484.722222 	 -0.382438
0.072000 	 484.722222 	 -0.384296
0.072045 	 484.722222 	 -0.385604
0.072090 	 484.722222 	 -0.386702
0.072135 	 484.722222 	 -0.388145
0.072180 	 484.722222 	 -0.390555
0.072225 	 484.722222 	 -0.394366
0.072270 	 484.722222 	 -0.399565
0.072315 	 484.722222 	 -0.405508
0.072360 	 484.722222 	 -0.410926
0.072405 	 484.722222 	 -0.414151
0.072450 	 484.722222 	 -0.413520
0.072495 	 484.722222 	 -0.407870
0.072540 	 484.722222 	 -0.396957
0.072585 	 484.722222 	 -0.381661
0.072630 	 484.722222 	 -0.363902
0.072675 	 484.722222 	 -0.346244
0.072720 	 484.722222 	 -0.331308
0.072765 	 484.722222 	 -0.321143
0.072810 	 484.722222 	 -0.316739
0.072855 	 484.722222 	 -0.317824
0.072900 	 484.722222 	 -0.323012
0.072945 	 484.722222 	 -0.330235
0.072990 	 484.722222 	 -0.337346
0.073035 	 484.722222 	 -0.342689
0.073080 	 484.722222 	 -0.345481
0.073125 	 484.722222 	 -0.345908
0.073170 	 484.722222 	 -0.344910
0.073215 	 484.722222 	 -0.343764
0.073260 	 484.722222 	 -0.343603
0.073305 	 484.722222 	 -0.345041
0.073350 	 484.722222 	 -0.348011
0.073395 	 484.722222 	 -0.351864
0.073440 	 484.722222 	 -0.355674
0.073485 	 484.722222 	 -0.358630
0.073530 	 484.722222 	 -0.360374
0.073575 	 484.722222 	 -0.361176
0.073620 	 484.722222 	 -0.361877
0.073665 	 484.722222 	 -0.363638
0.073710 	 484.722222 	 -0.367572
0.073755 	 484.722222 	 -0.374392
0.073800 	 484.722222 	 -0.384172
0.073845 	 484.722222 	 -0.396306
0.073890 	 484.722222 	 -0.409637
0.073935 	 484.722222 	 -0.422730
0.073980 	 484.722222 	 -0.434172
0.074025 	 484.722222 	 -0.442823
0.074070 	 484.722222 	 -0.447950
0.074115 	 484.722222 	 -0.449240
0.074160 	 484.722222 	 -0.446713
0.074205 	 484.722222 	 -0.440608
0.074250 	 484.722222 	 -0.431288
0.074295 	 484.722222 	 -0.419216
0.074340 	 484.722222 	 -0.404975
0.074385 	 484.722222 	 -0.389328
0.074430 	 484.722222 	 -0.373245
0.074475 	 484.722222 	 -0.357867
0.074520 	 484.722222 	 -0.344392
0.074565 	 484.722222 	 -0.333901
0.074610 	 484.722222 	 -0.327174
0.074655 	 484.722222 	 -0.324554
0.074700 	 484.722222 	 -0.325899
0.074745 	 484.722222 	 -0.330640
0.074790 	 484.722222 	 -0.337931
0.074835 	 484.722222 	 -0.346816
0.074880 	 484.722222 	 -0.356391
0.074925 	 484.722222 	 -0.365887
0.074970 	 484.722222 	 -0.374683
0.075015 	 484.722222 	 -0.382259
0.075060 	 484.722222 	 -0.388133
0.075105 	 484.722222 	 -0.391845
0.075150 	 484.722222 	 -0.392991
0.075195 	 484.722222 	 -0.391330
0.075240 	 484.722222 	 -0.386907
0.075285 	 484.722222 	 -0.380147
0.075330 	 484.722222 	 -0.371850
0.075375 	 484.722222 	 -0.363086
0.075420 	 484.722222 	 -0.354974
0.075465 	 484.722222 	 -0.348429
0.075510 	 484.722222 	 -0.343944
0.075555 	 484.722222 	 -0.341489
0.075600 	 484.722222 	 -0.340568
0.075645 	 484.722222 	 -0.340428
0.075690 	 484.722222 	 -0.340356
0.075735 	 484.722222 	 -0.339970
0.075780 	 484.722222 	 -0.339399
0.075825 	 484.722222 	 -0.339284
0.075870 	 484.722222 	 -0.340603
0.075915 	 484.722222 	 -0.344341
0.075960 	 484.722222 	 -0.351149
0.076005 	 484.722222 	 -0.361068
0.076050 	 484.722222 	 -0.373433
0.076095 	 484.722222 	 -0.386997
0.076140 	 484.722222 	 -0.400227
0.076185 	 484.722222 	 -0.411701
0.076230 	 484.722222 	 -0.420473
0.076275 	 484.722222 	 -0.426303
0.076320 	 484.722222 	 -0.429676
0.076365 	 484.722222 	 -0.431619
0.076410 	 484.722222 	 -0.433377
0.076455 	 484.722222 	 -0.436043
0.076500 	 484.722222 	 -0.440266
0.076545 	 484.722222 	 -0.446109
0.076590 	 484.722222 	 -0.453090
0.076635 	 484.722222 	 -0.460374
0.076680 	 484.722222 	 -0.467036
0.076725 	 484.722222 	 -0.472312
0.076770 	 484.722222 	 -0.475749
0.076815 	 484.722222 	 -0.477241
0.076860 	 484.722222 	 -0.476935
0.076905 	 484.722222 	 -0.475081
0.076950 	 484.722222 	 -0.471887
0.076995 	 484.722222 	 -0.467438
0.077040 	 484.722222 	 -0.461694
0.077085 	 484.722222 	 -0.454586
0.077130 	 484.722222 	 -0.446132
0.077175 	 484.722222 	 -0.436548
0.077220 	 484.722222 	 -0.426295
0.077265 	 484.722222 	 -0.416038
0.077310 	 484.722222 	 -0.406545
0.077355 	 484.722222 	 -0.398550
0.077400 	 484.722222 	 -0.392627
0.077445 	 484.722222 	 -0.389119
0.077490 	 484.722222 	 -0.388127
0.077535 	 484.722222 	 -0.389556
0.077580 	 484.722222 	 -0.393176
0.077625 	 484.722222 	 -0.398675
0.077670 	 484.722222 	 -0.405683
0.077715 	 484.722222 	 -0.413757
0.077760 	 484.722222 	 -0.422368
0.077805 	 484.722222 	 -0.430903
0.077850 	 484.722222 	 -0.438716
0.077895 	 484.722222 	 -0.445229
0.077940 	 484.722222 	 -0.450062
0.077985 	 484.722222 	 -0.453147
0.078030 	 484.722222 	 -0.454771
0.078075 	 484.722222 	 -0.455525
0.078120 	 484.722222 	 -0.456151
0.078165 	 484.722222 	 -0.457324
0.078210 	 484.722222 	 -0.459439
0.078255 	 484.722222 	 -0.462478
0.078300 	 484.722222 	 -0.465998
0.078345 	 484.722222 	 -0.469274
0.078390 	 484.722222 	 -0.471539
0.078435 	 484.722222 	 -0.472255
0.078480 	 484.722222 	 -0.471316
0.078525 	 484.722222 	 -0.469106
0.078570 	 484.722222 	 -0.466382
0.078615 	 484.722222 	 -0.464007
0.078660 	 484.722222 	 -0.462628
0.078705 	 484.722222 	 -0.462394
0.078750 	 484.722222 	 -0.462836
0.078795 	 484.722222 	 -0.462963
0.078840 	 484.722222 	 -0.461557
0.078885 	 484.722222 	 -0.457590
0.078930 	 484.722222 	 -0.450637
0.078975 	 484.722222 	 -0.441145
0.079020 	 484.722222 	 -0.430460
0.079065 	 484.722222 	 -0.420577
0.079110 	 484.722222 	 -0.413677
0.079155 	 484.722222 	 -0.411561
0.079200 	 484.722222 	 -0.415153
0.079245 	 484.722222 	 -0.424205
0.079290 	 484.722222 	 -0.437298
0.079335 	 484.722222 	 -0.452143
0.079380 	 484.722222 	 -0.466097
0.079425 	 484.722222 	 -0.476770
0.079470 	 484.722222 	 -0.482545
0.079515 	 484.722222 	 -0.482899
0.079560 	 484.722222 	 -0.478448
0.079605 	 484.722222 	 -0.470722
0.079650 	 484.722222 	 -0.461753
0.079695 	 484.722222 	 -0.453588
0.079740 	 484.722222 	 -0.447855
0.079785 	 484.722222 	 -0.445479
0.079830 	 484.722222 	 -0.446595
0.079875 	 484.722222 	 -0.450639
0.079920 	 484.722222 	 -0.456580
0.079965 	 484.722222 	 -0.463202
0.080010 	 484.722222 	 -0.469369
0.080055 	 484.722222 	 -0.474221
0.080100 	 484.722222 	 -0.477275
0.080145 	 484.722222 	 -0.478433
0.080190 	 484.722222 	 -0.477925
0.080235 	 484.722222 	 -0.476204
0.080280 	 484.722222 	 -0.473837
0.080325 	 484.722222 	 -0.471388
0.080370 	 484.722222 	 -0.469324
0.080415 	 484.722222 	 -0.467948
0.080460 	 484.722222 	 -0.467362
0.080505 	 484.722222 	 -0.467482
0.080550 	 484.722222 	 -0.468092
0.080595 	 484.722222 	 -0.468943
0.080640 	 484.722222 	 -0.469863
0.080685 	 484.722222 	 -0.470856
0.080730 	 484.722222 	 -0.472147
0.080775 	 484.722222 	 -0.474151
0.080820 	 484.722222 	 -0.477354
0.080865 	 484.722222 	 -0.482130
0.080910 	 484.722222 	 -0.488554
0.080955 	 484.722222 	 -0.496255
0.081000 	 484.722222 	 -0.504379
0.081045 	 484.722222 	 -0.511698
0.081090 	 484.722222 	 -0.516844
0.081135 	 484.722222 	 -0.518633
0.081180 	 484.722222 	 -0.516385
0.081225 	 484.722222 	 -0.510158
0.081270 	 484.722222 	 -0.500807
0.081315 	 484.722222 	 -0.489861
0.081360 	 484.722222 	 -0.479207
0.081405 	 484.722222 	 -0.470687
0.081450 	 484.722222 	 -0.465692
0.081495 	 484.722222 	 -0.464856
0.081540 	 484.722222 	 -0.467954
0.081585 	 484.722222 	 -0.473994
0.081630 	 484.722222 	 -0.481506
0.081675 	 484.722222 	 -0.488920
0.081720 	 484.722222 	 -0.494948
0.081765 	 484.722222 	 -0.498857
0.081810 	 484.722222 	 -0.500583
0.081855 	 484.722222 	 -0.500653
0.081900 	 484.722222 	 -0.499968
0.081945 	 484.722222 	 -0.499502
0.081990 	 484.722222 	 -0.500027
0.082035 	 484.722222 	 -0.501911
0.082080 	 484.722222 	 -0.505053
0.082125 	 484.722222 	 -0.508954
0.082170 	 484.722222 	 -0.512878
0.082215 	 484.722222 	 -0.516066
0.082260 	 484.722222 	 -0.517923
0.082305 	 484.722222 	 -0.518148
0.082350 	 484.722222 	 -0.516769
0.082395 	 484.722222 	 -0.514107
0.082440 	 484.722222 	 -0.510667
0.082485 	 484.722222 	 -0.507020
0.082530 	 484.722222 	 -0.503687
0.082575 	 484.722222 	 -0.501059
0.082620 	 484.722222 	 -0.499358
0.082665 	 484.722222 	 -0.498633
0.082710 	 484.722222 	 -0.498789
0.082755 	 484.722222 	 -0.499619
0.082800 	 484.722222 	 -0.500847
0.082845 	 484.722222 	 -0.502160
0.082890 	 484.722222 	 -0.503252
0.082935 	 484.722222 	 -0.503851
0.082980 	 484.722222 	 -0.503760
0.083025 	 484.722222 	 -0.502894
0.083070 	 484.722222 	 -0.501306
0.083115 	 484.722222 	 -0.499210
0.083160 	 484.722222 	 -0.496975
0.083205 	 484.722222 	 -0.495096
0.083250 	 484.722222 	 -0.494141
0.083295 	 484.722222 	 -0.494666
0.083340 	 484.722222 	 -0.497128
0.083385 	 484.722222 	 -0.501785
0.083430 	 484.722222 	 -0.508614
0.083475 	 484.722222 	 -0.517263
0.083520 	 484.722222 	 -0.527048
0.083565 	 484.722222 	 -0.537004
0.083610 	 484.722222 	 -0.546003
0.083655 	 484.722222 	 -0.552903
0.083700 	 484.722222 	 -0.556732
0.083745 	 484.722222 	 -0.556860
0.083790 	 484.722222 	 -0.553124
0.083835 	 484.722222 	 -0.545883
0.083880 	 484.722222 	 -0.535986
0.083925 	 484.722222 	 -0.524649
0.083970 	 484.722222 	 -0.513273
0.084015 	 484.722222 	 -0.503233
0.084060 	 484.722222 	 -0.495680
0.084105 	 484.722222 	 -0.491399
0.084150 	 484.722222 	 -0.490737
0.084195 	 484.722222 	 -0.493611
0.084240 	 484.722222 	 -0.499576
0.084285 	 484.722222 	 -0.507920
0.084330 	 484.722222 	 -0.517772
0.084375 	 484.722222 	 -0.528184
0.084420 	 484.722222 	 -0.538200
0.084465 	 484.722222 	 -0.546914
0.084510 	 484.722222 	 -0.553524
0.084555 	 484.722222 	 -0.557409
0.084600 	 484.722222 	 -0.558220
0.084645 	 484.722222 	 -0.555965
0.084690 	 484.722222 	 -0.551057
0.084735 	 484.722222 	 -0.544307
0.084780 	 484.722222 	 -0.536822
0.084825 	 484.722222 	 -0.529819
0.084870 	 484.722222 	 -0.524397
0.084915 	 484.722222 	 -0.521307
0.084960 	 484.722222 	 -0.520799
0.085005 	 484.722222 	 -0.522580
0.085050 	 484.722222 	 -0.525922
0.085095 	 484.722222 	 -0.529878
0.085140 	 484.722222 	 -0.533561
0.085185 	 484.722222 	 -0.536393
0.085230 	 484.722222 	 -0.538249
0.085275 	 484.722222 	 -0.539455
0.085320 	 484.722222 	 -0.540626
0.085365 	 484.722222 	 -0.542411
0.085410 	 484.722222 	 -0.545216
0.085455 	 484.722222 	 -0.549011
0.085500 	 484.722222 	 -0.553283
0.085545 	 484.602632 	 -0.557165
0.085590 	 484.243978 	 -0.559700
0.085635 	 483.646615 	 -0.560158
0.085680 	 482.811132 	 -0.558304
0.085725 	 481.738355 	 -0.554513
0.085770 	 480.429341 	 -0.549701
0.085815 	 478.885382 	 -0.545070
0.085860 	 477.108002 	 -0.541759
0.085905 	 475.098956 	 -0.540496
0.085950 	 472.860225 	 -0.541371
0.085995 	 470.394020 	 -0.543810
0.086040 	 467.702773 	 -0.546756
0.086085 	 464.789142 	 -0.549001
0.086130 	 461.656001 	 -0.549580
0.086175 	 458.306442 	 -0.548087
0.086220 	 454.743772 	 -0.544827
0.086265 	 450.971505 	 -0.540756
0.086310 	 446.993365 	 -0.537214
0.086355 	 442.813278 	 -0.535562
0.086400 	 438.435369 	 -0.536801
0.086445 	 433.863958 	 -0.541311
0.086490 	 429.103557 	 -0.548757
0.086535 	 424.158863 	 -0.558193
0.086580 	 419.034758 	 -0.568308
0.086625 	 413.736296 	 -0.577728
0.086670 	 408.268708 	 -0.585298
0.086715 	 402.637390 	 -0.590251
0.086760 	 396.847898 	 -0.592251
0.086805 	 390.905946 	 -0.591333
0.086850 	 384.817398 	 -0.587781
0.086895 	 378.588263 	 -0.582016
0.086940 	 372.224689 	 -0.574533
0.086985 	 365.732954 	 -0.565911
0.087030 	 359.119467 	 -0.556850
0.087075 	 352.390753 	 -0.548211
0.087120 	 345.553453 	 -0.540984
0.087165 	 338.614315 	 -0.536180
0.087210 	 331.580187 	 -0.534639
0.087255 	 324.458010 	 -0.536814
0.087300 	 317.254813 	 -0.542599
0.087345 	 309.977706 	 -0.551268
0.087390 	 302.633868 	 -0.561560
0.087435 	 295.230549 	 -0.571923
0.087480 	 287.775055 	 -0.580834
0.087525 	 280.274742 	 -0.587128
0.087570 	 272.737013 	 -0.590241
0.087615 	 265.169306 	 -0.590289
0.087660 	 257.579091 	 -0.587976
0.087705 	 249.973858 	 -0.584357
0.087750 	 242.361111 	 -0.580525
0.087795 	 234.748365 	 -0.577334
0.087840 	 227.143131 	 -0.575218
0.087885 	 219.552916 	 -0.574164
0.087930 	 211.985209 	 -0.573828
0.087975 	 204.447480 	 -0.573734
0.088020 	 196.947168 	 -0.573497
0.088065 	 189.491673 	 -0.572973
0.088110 	 182.088354 	 -0.572308
0.088155 	 174.744517 	 -0.571865
0.088200 	 167.467409 	 -0.572075
0.088245 	 160.264212 	 -0.573260
0.088290 	 153.142035 	 -0.575505
0.088335 	 146.107907 	 -0.578607
0.088380 	 139.168769 	 -0.582133
0.088425 	 132.331469 	 -0.585544
0.088470 	 125.602755 	 -0.588344
0.088515 	 118.989268 	 -0.590212
0.088560 	 112.497534 	 -0.591060
0.088605 	 106.133959 	 -0.591015
0.088650 	 99.904824 	 -0.590347
0.088695 	 93.816277 	 -0.589366
0.088740 	 87.874325 	 -0.588332
0.088785 	 82.084833 	 -0.587412
0.088830 	 76.453514 	 -0.586683
0.088875 	 70.985926 	 -0.586180
0.088920 	 65.687465 	 -0.585938
0.088965 	 60.563359 	 -0.586025
0.089010 	 55.618665 	 -0.586533
0.089055 	 50.858264 	 -0.587538
0.089100 	 46.286853 	 -0.589038
0.089145 	 41.908944 	 -0.590921
0.089190 	 37.728857 	 -0.592953
0.089235 	 33.750717 	 -0.594837
0.089280 	 29.978450 	 -0.596286
0.089325 	 26.415780 	 -0.597119
0.089370 	 23.066221 	 -0.597327
0.089415 	 19.933080 	 -0.597081
0.089460 	 17.019449 	 -0.596681
0.089505 	 14.328203 	 -0.596459
0.089550 	 11.861997 	 -0.596670
0.089595 	 9.623266 	 -0.597402
0.089640 	 7.614220 	 -0.598557
0.089685 	 5.836840 	 -0.599888
0.089730 	 4.292882 	 -0.601093
0.089775 	 2.983867 	 -0.601931
0.089820 	 1.911090 	 -0.602306
0.089865 	 1.075607 	 -0.602308
0.089910 	 0.478244 	 -0.602167
0.089955 	 0.119591 	 -0.602173
0.090000 	 0.000000 	 0.000000
