0.000045 	 0.000000 	 0.000000
0.000090 	 0.113450 	 0.604355
0.000135 	 0.453688 	 0.604103
0.000180 	 1.020378 	 0.603776
0.000225 	 1.812962 	 0.603343
0.000270 	 2.830656 	 0.602784
0.000315 	 4.072456 	 0.602092
0.000360 	 5.537138 	 0.601275
0.000405 	 7.223255 	 0.600356
0.000450 	 9.129143 	 0.599366
0.000495 	 11.252923 	 0.598347
0.000540 	 13.592497 	 0.597343
0.000585 	 16.145556 	 0.596398
0.000630 	 18.909582 	 0.595550
0.000675 	 21.881847 	 0.594826
0.000720 	 25.059417 	 0.594242
0.000765 	 28.439156 	 0.593800
0.000810 	 32.017729 	 0.593484
0.000855 	 35.791604 	 0.593268
0.000900 	 39.757058 	 0.593111
0.000945 	 43.910176 	 0.592969
0.000990 	 48.246860 	 0.592792
0.001035 	 52.762830 	 0.592536
0.001080 	 57.453630 	 0.592161
0.001125 	 62.314630 	 0.591641
0.001170 	 67.341033 	 0.590963
0.001215 	 72.527878 	 0.590131
0.001260 	 77.870047 	 0.589166
0.001305 	 83.362268 	 0.588100
0.001350 	 88.999120 	 0.586980
0.001395 	 94.775041 	 0.585858
0.001440 	 100.684330 	 0.584787
0.001485 	 106.721156 	 0.583817
0.001530 	 112.879561 	 0.582988
0.001575 	 119.153468 	 0.582328
0.001620 	 125.536684 	 0.581847
0.001665 	 132.022911 	 0.581536
0.001710 	 138.605747 	 0.581371
0.001755 	 145.278697 	 0.581308
0.001800 	 152.035173 	 0.581296
0.001845 	 158.868509 	 0.581274
0.001890 	 165.771962 	 0.581180
0.001935 	 172.738717 	 0.580960
0.001980 	 179.761900 	 0.580568
0.002025 	 186.834579 	 0.579976
0.002070 	 193.949776 	 0.579176
0.002115 	 201.100467 	 0.578179
0.002160 	 208.279597 	 0.577018
0.002205 	 215.480080 	 0.575743
0.002250 	 222.694810 	 0.574418
0.002295 	 229.916667 	 0.573114
0.002340 	 237.138524 	 0.571904
0.002385 	 244.353254 	 0.570851
0.002430 	 251.553736 	 0.570010
0.002475 	 258.732866 	 0.569411
0.002520 	 265.883557 	 0.569065
0.002565 	 272.998754 	 0.568957
0.002610 	 280.071434 	 0.569048
0.002655 	 287.094617 	 0.569276
0.002700 	 294.061372 	 0.569565
0.002745 	 300.964824 	 0.569828
0.002790 	 307.798160 	 0.569976
0.002835 	 314.554637 	 0.569931
0.002880 	 321.227586 	 0.569625
0.002925 	 327.810422 	 0.569018
0.002970 	 334.296649 	 0.568094
0.003015 	 340.679866 	 0.566868
0.003060 	 346.953772 	 0.565385
0.003105 	 353.112177 	 0.563718
0.003150 	 359.149003 	 0.561960
0.003195 	 365.058293 	 0.560218
0.003240 	 370.834213 	 0.558603
0.003285 	 376.471066 	 0.557218
0.003330 	 381.963286 	 0.556150
0.003375 	 387.305455 	 0.555461
0.003420 	 392.492301 	 0.555180
0.003465 	 397.518704 	 0.555297
0.003510 	 402.379703 	 0.555767
0.003555 	 407.070503 	 0.556507
0.003600 	 411.586473 	 0.557405
0.003645 	 415.923157 	 0.558330
0.003690 	 420.076275 	 0.559139
0.003735 	 424.041729 	 0.559693
0.003780 	 427.815604 	 0.559868
0.003825 	 431.394178 	 0.559568
0.003870 	 434.773917 	 0.558734
0.003915 	 437.951486 	 0.557351
0.003960 	 440.923751 	 0.555453
0.004005 	 443.687777 	 0.553119
0.004050 	 446.240837 	 0.550473
0.004095 	 448.580411 	 0.547670
0.004140 	 450.704190 	 0.544888
0.004185 	 452.610078 	 0.542312
0.004230 	 454.296196 	 0.540118
0.004275 	 455.760877 	 0.538459
0.004320 	 457.002678 	 0.537452
0.004365 	 458.020372 	 0.537164
0.004410 	 458.812955 	 0.537605
0.004455 	 459.379645 	 0.538727
0.004500 	 459.719883 	 0.540427
0.004545 	 459.833333 	 0.542546
0.004590 	 459.833333 	 0.544890
0.004635 	 459.833333 	 0.547239
0.004680 	 459.833333 	 0.549362
0.004725 	 459.833333 	 0.551041
0.004770 	 459.833333 	 0.552086
0.004815 	 459.833333 	 0.552348
0.004860 	 459.833333 	 0.551737
0.004905 	 459.833333 	 0.550227
0.004950 	 459.833333 	 0.547861
0.004995 	 459.833333 	 0.544747
0.005040 	 459.833333 	 0.541053
0.005085 	 459.833333 	 0.536993
0.005130 	 459.833333 	 0.532815
0.005175 	 459.833333 	 0.528776
0.005220 	 459.833333 	 0.525126
0.005265 	 459.833333 	 0.522090
0.005310 	 459.833333 	 0.519847
0.005355 	 459.833333 	 0.518520
0.005400 	 459.833333 	 0.518161
0.005445 	 459.833333 	 0.518755
0.005490 	 459.833333 	 0.520211
0.005535 	 459.833333 	 0.522379
0.005580 	 459.833333 	 0.525054
0.005625 	 459.833333 	 0.527997
0.005670 	 459.833333 	 0.530951
0.005715 	 459.833333 	 0.533660
0.005760 	 459.833333 	 0.535893
0.005805 	 459.833333 	 0.537454
0.005850 	 459.833333 	 0.538204
0.005895 	 459.833333 	 0.538066
0.005940 	 459.833333 	 0.537031
0.005985 	 459.833333 	 0.535157
0.006030 	 459.833333 	 0.532562
0.006075 	 459.833333 	 0.529417
0.006120 	 459.833333 	 0.525927
0.006165 	 459.833333 	 0.522318
0.006210 	 459.833333 	 0.518812
0.006255 	 459.833333 	 0.515619
0.006300 	 459.833333 	 0.512913
0.006345 	 459.833333 	 0.510823
0.006390 	 459.833333 	 0.509422
0.006435 	 459.833333 	 0.508726
0.006480 	 459.833333 	 0.508694
0.006525 	 459.833333 	 0.509231
0.006570 	 459.833333 	 0.510202
0.006615 	 459.833333 	 0.511442
0.006660 	 459.833333 	 0.512775
0.006705 	 459.833333 	 0.514024
0.006750 	 459.833333 	 0.515033
0.006795 	 459.833333 	 0.515677
0.006840 	 459.833333 	 0.515869
0.006885 	 459.833333 	 0.515575
0.006930 	 459.833333 	 0.514805
0.006975 	 459.833333 	 0.513622
0.007020 	 459.833333 	 0.512124
0.007065 	 459.833333 	 0.510442
0.007110 	 459.833333 	 0.508724
0.007155 	 459.833333 	 0.507120
0.007200 	 459.833333 	 0.505768
0.007245 	 459.833333 	 0.504782
0.007290 	 459.833333 	 0.504238
0.007335 	 459.833333 	 0.504170
0.007380 	 459.833333 	 0.504563
0.007425 	 459.833333 	 0.505354
0.007470 	 459.833333 	 0.506437
0.007515 	 459.833333 	 0.507672
0.007560 	 459.833333 	 0.508895
0.007605 	 459.833333 	 0.509933
0.007650 	 459.833333 	 0.510618
0.007695 	 459.833333 	 0.510802
0.007740 	 459.833333 	 0.510369
0.007785 	 459.833333 	 0.509248
0.007830 	 459.833333 	 0.507417
0.007875 	 459.833333 	 0.504908
0.007920 	 459.833333 	 0.501806
0.007965 	 459.833333 	 0.498244
0.008010 	 459.833333 	 0.494393
0.008055 	 459.833333 	 0.490447
0.008100 	 459.833333 	 0.486616
0.008145 	 459.833333 	 0.483106
0.008190 	 459.833333 	 0.480102
0.008235 	 459.833333 	 0.477759
0.008280 	 459.833333 	 0.476187
0.008325 	 459.833333 	 0.475448
0.008370 	 459.833333 	 0.475542
0.008415 	 459.833333 	 0.476419
0.008460 	 459.833333 	 0.477972
0.008505 	 459.833333 	 0.480052
0.008550 	 459.833333 	 0.482474
0.008595 	 459.833333 	 0.485033
0.008640 	 459.833333 	 0.487516
0.008685 	 459.833333 	 0.489719
0.008730 	 459.833333 	 0.491459
0.008775 	 459.833333 	 0.492585
0.008820 	 459.833333 	 0.492991
0.008865 	 459.833333 	 0.492619
0.008910 	 459.833333 	 0.491465
0.008955 	 459.833333 	 0.489574
0.009000 	 459.833333 	 0.487040
0.009045 	 459.833333 	 0.483997
0.009090 	 459.833333 	 0.480609
0.009135 	 459.833333 	 0.477061
0.009180 	 459.833333 	 0.473542
0.009225 	 459.833333 	 0.470239
0.009270 	 459.833333 	 0.467321
0.009315 	 459.833333 	 0.464931
0.009360 	 459.833333 	 0.463179
0.009405 	 459.833333 	 0.462133
0.009450 	 459.833333 	 0.461821
0.009495 	 459.833333 	 0.462226
0.009540 	 459.833333 	 0.463294
0.009585 	 459.833333 	 0.464933
0.009630 	 459.833333 	 0.467022
0.009675 	 459.833333 	 0.469420
0.009720 	 459.833333 	 0.471970
0.009765 	 459.833333 	 0.474512
0.009810 	 459.833333 	 0.476889
0.009855 	 459.833333 	 0.478956
0.009900 	 459.833333 	 0.480584
0.009945 	 459.833333 	 0.481667
0.009990 	 459.833333 	 0.482127
0.010035 	 459.833333 	 0.481914
0.010080 	 459.833333 	 0.481006
0.010125 	 459.833333 	 0.479412
0.010170 	 459.833333 	 0.477169
0.010215 	 459.833333 	 0.474338
0.010260 	 459.833333 	 0.471002
0.010305 	 459.833333 	 0.467264
0.010350 	 459.833333 	 0.463239
0.010395 	 459.833333 	 0.459051
0.010440 	 459.833333 	 0.454830
0.010485 	 459.833333 	 0.450706
0.010530 	 459.833333 	 0.446807
0.010575 	 459.833333 	 0.443249
0.010620 	 459.833333 	 0.440139
0.010665 	 459.833333 	 0.437568
0.010710 	 459.833333 	 0.435608
0.010755 	 459.833333 	 0.434308
0.010800 	 459.833333 	 0.433697
0.010845 	 459.833333 	 0.433776
0.010890 	 459.833333 	 0.434524
0.010935 	 459.833333 	 0.435894
0.010980 	 459.833333 	 0.437814
0.011025 	 459.833333 	 0.440194
0.011070 	 459.833333 	 0.442922
0.011115 	 459.833333 	 0.445876
0.011160 	 459.833333 	 0.448922
0.011205 	 459.833333 	 0.451923
0.011250 	 459.833333 	 0.454741
0.011295 	 459.833333 	 0.457248
0.011340 	 459.833333 	 0.459326
0.011385 	 459.833333 	 0.460874
0.011430 	 459.833333 	 0.461814
0.011475 	 459.833333 	 0.462091
0.011520 	 459.833333 	 0.461678
0.011565 	 459.833333 	 0.460576
0.011610 	 459.833333 	 0.458812
0.011655 	 459.833333 	 0.456441
0.011700 	 459.833333 	 0.453542
0.011745 	 459.833333 	 0.450212
0.011790 	 459.833333 	 0.446565
0.011835 	 459.833333 	 0.442723
0.011880 	 459.833333 	 0.438817
0.011925 	 459.833333 	 0.434974
0.011970 	 459.833333 	 0.431316
0.012015 	 459.833333 	 0.427956
0.012060 	 459.833333 	 0.424989
0.012105 	 459.833333 	 0.422496
0.012150 	 459.833333 	 0.420534
0.012195 	 459.833333 	 0.419139
0.012240 	 459.833333 	 0.418326
0.012285 	 459.833333 	 0.418085
0.012330 	 459.833333 	 0.418388
0.012375 	 459.833333 	 0.419187
0.012420 	 459.833333 	 0.420418
0.012465 	 459.833333 	 0.422003
0.012510 	 459.833333 	 0.423857
0.012555 	 459.833333 	 0.425885
0.012600 	 459.833333 	 0.427993
0.012645 	 459.833333 	 0.430085
0.012690 	 459.833333 	 0.432071
0.012735 	 459.833333 	 0.433865
0.012780 	 459.833333 	 0.435393
0.012825 	 459.833333 	 0.436591
0.012870 	 459.833333 	 0.437408
0.012915 	 459.833333 	 0.437807
0.012960 	 459.833333 	 0.437766
0.013005 	 459.833333 	 0.437280
0.013050 	 459.833333 	 0.436358
0.013095 	 459.833333 	 0.435023
0.013140 	 459.833333 	 0.433313
0.013185 	 459.833333 	 0.431279
0.013230 	 459.833333 	 0.428982
0.013275 	 459.833333 	 0.426491
0.013320 	 459.833333 	 0.423882
0.013365 	 459.833333 	 0.421236
0.013410 	 459.833333 	 0.418631
0.013455 	 459.833333 	 0.416147
0.013500 	 459.833333 	 0.413856
0.013545 	 459.833333 	 0.411823
0.013590 	 459.833333 	 0.410103
0.013635 	 459.833333 	 0.408736
0.013680 	 459.833333 	 0.407751
0.013725 	 459.833333 	 0.407157
0.013770 	 459.833333 	 0.406950
0.013815 	 459.833333 	 0.407106
0.013860 	 459.833333 	 0.407587
0.013905 	 459.833333 	 0.408342
0.013950 	 459.833333 	 0.409306
0.013995 	 459.833333 	 0.410404
0.014040 	 459.833333 	 0.411557
0.014085 	 459.833333 	 0.412682
0.014130 	 459.833333 	 0.413698
0.014175 	 459.833333 	 0.414527
0.014220 	 459.833333 	 0.415101
0.014265 	 459.833333 	 0.415363
0.014310 	 459.833333 	 0.415268
0.014355 	 459.833333 	 0.414790
0.014400 	 459.833333 	 0.413915
0.014445 	 459.833333 	 0.412649
0.014490 	 459.833333 	 0.411010
0.014535 	 459.833333 	 0.409033
0.014580 	 459.833333 	 0.406762
0.014625 	 459.833333 	 0.404249
0.014670 	 459.833333 	 0.401553
0.014715 	 459.833333 	 0.398730
0.014760 	 459.833333 	 0.395838
0.014805 	 459.833333 	 0.392927
0.014850 	 459.833333 	 0.390038
0.014895 	 459.833333 	 0.387204
0.014940 	 459.833333 	 0.384445
0.014985 	 459.833333 	 0.381772
0.015030 	 459.833333 	 0.379187
0.015075 	 459.833333 	 0.376681
0.015120 	 459.833333 	 0.374243
0.015165 	 459.833333 	 0.371860
0.015210 	 459.833333 	 0.369522
0.015255 	 459.833333 	 0.367224
0.015300 	 459.833333 	 0.364972
0.015345 	 459.833333 	 0.362782
0.015390 	 459.833333 	 0.360688
0.015435 	 459.833333 	 0.358735
0.015480 	 459.833333 	 0.356986
0.015525 	 459.833333 	 0.355516
0.015570 	 459.833333 	 0.354406
0.015615 	 459.833333 	 0.353745
0.015660 	 459.833333 	 0.353620
0.015705 	 459.833333 	 0.354110
0.015750 	 459.833333 	 0.355283
0.015795 	 459.833333 	 0.357185
0.015840 	 459.833333 	 0.359836
0.015885 	 459.833333 	 0.363229
0.015930 	 459.833333 	 0.367322
0.015975 	 459.833333 	 0.372041
0.016020 	 459.833333 	 0.377277
0.016065 	 459.833333 	 0.382893
0.016110 	 459.833333 	 0.388724
0.016155 	 459.833333 	 0.394589
0.016200 	 459.833333 	 0.400295
0.016245 	 459.833333 	 0.405647
0.016290 	 459.833333 	 0.410458
0.016335 	 459.833333 	 0.414560
0.016380 	 459.833333 	 0.417807
0.016425 	 459.833333 	 0.420090
0.016470 	 459.833333 	 0.421336
0.016515 	 459.833333 	 0.421517
0.016560 	 459.833333 	 0.420644
0.016605 	 459.833333 	 0.418776
0.016650 	 459.833333 	 0.416005
0.016695 	 459.833333 	 0.412459
0.016740 	 459.833333 	 0.408291
0.016785 	 459.833333 	 0.403671
0.016830 	 459.833333 	 0.398775
0.016875 	 459.833333 	 0.393778
0.016920 	 459.833333 	 0.388846
0.016965 	 459.833333 	 0.384125
0.017010 	 459.833333 	 0.379736
0.017055 	 459.833333 	 0.375773
0.017100 	 459.833333 	 0.372299
0.017145 	 459.833333 	 0.369344
0.017190 	 459.833333 	 0.366914
0.017235 	 459.833333 	 0.364985
0.017280 	 459.833333 	 0.363516
0.017325 	 459.833333 	 0.362453
0.017370 	 459.833333 	 0.361732
0.017415 	 459.833333 	 0.361291
0.017460 	 459.833333 	 0.361072
0.017505 	 459.833333 	 0.361025
0.017550 	 459.833333 	 0.361117
0.017595 	 459.833333 	 0.361326
0.017640 	 459.833333 	 0.361647
0.017685 	 459.833333 	 0.362087
0.017730 	 459.833333 	 0.362668
0.017775 	 459.833333 	 0.363414
0.017820 	 459.833333 	 0.364357
0.017865 	 459.833333 	 0.365524
0.017910 	 459.833333 	 0.366937
0.017955 	 459.833333 	 0.368607
0.018000 	 459.833333 	 0.370536
0.018045 	 459.833333 	 0.372705
0.018090 	 459.833333 	 0.375086
0.018135 	 459.833333 	 0.377631
0.018180 	 459.833333 	 0.380284
0.018225 	 459.833333 	 0.382976
0.018270 	 459.833333 	 0.385633
0.018315 	 459.833333 	 0.388181
0.018360 	 459.833333 	 0.390546
0.018405 	 459.833333 	 0.392661
0.018450 	 459.833333 	 0.394468
0.018495 	 459.833333 	 0.395924
0.018540 	 459.833333 	 0.396997
0.018585 	 459.833333 	 0.397670
0.018630 	 459.833333 	 0.397941
0.018675 	 459.833333 	 0.397818
0.018720 	 459.833333 	 0.397323
0.018765 	 459.833333 	 0.396482
0.018810 	 459.833333 	 0.395330
0.018855 	 459.833333 	 0.393901
0.018900 	 459.833333 	 0.392232
0.018945 	 459.833333 	 0.390357
0.018990 	 459.833333 	 0.388306
0.019035 	 459.833333 	 0.386106
0.019080 	 459.833333 	 0.383782
0.019125 	 459.833333 	 0.381353
0.019170 	 459.833333 	 0.378840
0.019215 	 459.833333 	 0.376261
0.019260 	 459.833333 	 0.373636
0.019305 	 459.833333 	 0.370987
0.019350 	 459.833333 	 0.368339
0.019395 	 459.833333 	 0.365721
0.019440 	 459.833333 	 0.363165
0.019485 	 459.833333 	 0.360705
0.019530 	 459.833333 	 0.358377
0.019575 	 459.833333 	 0.356215
0.019620 	 459.833333 	 0.354251
0.019665 	 459.833333 	 0.352511
0.019710 	 459.833333 	 0.351017
0.019755 	 459.833333 	 0.349777
0.019800 	 459.833333 	 0.348795
0.019845 	 459.833333 	 0.348060
0.019890 	 459.833333 	 0.347555
0.019935 	 459.833333 	 0.347250
0.019980 	 459.833333 	 0.347113
0.020025 	 459.833333 	 0.347101
0.020070 	 459.833333 	 0.347174
0.020115 	 459.833333 	 0.347290
0.020160 	 459.833333 	 0.347409
0.020205 	 459.833333 	 0.347498
0.020250 	 459.833333 	 0.347531
0.020295 	 459.833333 	 0.347490
0.020340 	 459.833333 	 0.347366
0.020385 	 459.833333 	 0.347158
0.020430 	 459.833333 	 0.346874
0.020475 	 459.833333 	 0.346527
0.020520 	 459.833333 	 0.346133
0.020565 	 459.833333 	 0.345712
0.020610 	 459.833333 	 0.345280
0.020655 	 459.833333 	 0.344853
0.020700 	 459.833333 	 0.344444
0.020745 	 459.833333 	 0.344058
0.020790 	 459.833333 	 0.343697
0.020835 	 459.833333 	 0.343356
0.020880 	 459.833333 	 0.343026
0.020925 	 459.833333 	 0.342697
0.020970 	 459.833333 	 0.342356
0.021015 	 459.833333 	 0.341990
0.021060 	 459.833333 	 0.341591
0.021105 	 459.833333 	 0.341152
0.021150 	 459.833333 	 0.340673
0.021195 	 459.833333 	 0.340157
0.021240 	 459.833333 	 0.339615
0.021285 	 459.833333 	 0.339059
0.021330 	 459.833333 	 0.338506
0.021375 	 459.833333 	 0.337973
0.021420 	 459.833333 	 0.337475
0.021465 	 459.833333 	 0.337024
0.021510 	 459.833333 	 0.336627
0.021555 	 459.833333 	 0.336285
0.021600 	 459.833333 	 0.335987
0.021645 	 459.833333 	 0.335719
0.021690 	 459.833333 	 0.335456
0.021735 	 459.833333 	 0.335167
0.021780 	 459.833333 	 0.334819
0.021825 	 459.833333 	 0.334373
0.021870 	 459.833333 	 0.333796
0.021915 	 459.833333 	 0.333057
0.021960 	 459.833333 	 0.332131
0.022005 	 459.833333 	 0.331005
0.022050 	 459.833333 	 0.329674
0.022095 	 459.833333 	 0.328147
0.022140 	 459.833333 	 0.326444
0.022185 	 459.833333 	 0.324596
0.022230 	 459.833333 	 0.322644
0.022275 	 459.833333 	 0.320634
0.022320 	 459.833333 	 0.318615
0.022365 	 459.833333 	 0.316638
0.022410 	 459.833333 	 0.314750
0.022455 	 459.833333 	 0.312990
0.022500 	 459.833333 	 0.311389
0.022545 	 459.833333 	 0.309969
0.022590 	 459.833333 	 0.308740
0.022635 	 459.833333 	 0.307699
0.022680 	 459.833333 	 0.306835
0.022725 	 459.833333 	 0.306130
0.022770 	 459.833333 	 0.305558
0.022815 	 459.833333 	 0.305092
0.022860 	 459.833333 	 0.304707
0.022905 	 459.833333 	 0.304378
0.022950 	 459.833333 	 0.304089
0.022995 	 459.833333 	 0.303833
0.023040 	 459.833333 	 0.303609
0.023085 	 459.833333 	 0.303428
0.023130 	 459.833333 	 0.303309
0.023175 	 459.833333 	 0.303278
0.023220 	 459.833333 	 0.303366
0.023265 	 459.833333 	 0.303607
0.023310 	 459.833333 	 0.304034
0.023355 	 459.833333 	 0.304677
0.023400 	 459.833333 	 0.305559
0.023445 	 459.833333 	 0.306695
0.023490 	 459.833333 	 0.308091
0.023535 	 459.833333 	 0.309741
0.023580 	 459.833333 	 0.311631
0.023625 	 459.833333 	 0.313735
0.023670 	 459.833333 	 0.316020
0.023715 	 459.833333 	 0.318445
0.023760 	 459.833333 	 0.320969
0.023805 	 459.833333 	 0.323543
0.023850 	 459.833333 	 0.326125
0.023895 	 459.833333 	 0.328669
0.023940 	 459.833333 	 0.331137
0.023985 	 459.833333 	 0.333492
0.024030 	 459.833333 	 0.335702
0.024075 	 459.833333 	 0.337741
0.024120 	 459.833333 	 0.339585
0.024165 	 459.833333 	 0.341212
0.024210 	 459.833333 	 0.342601
0.024255 	 459.833333 	 0.343734
0.024300 	 459.833333 	 0.344590
0.024345 	 459.833333 	 0.345150
0.024390 	 459.833333 	 0.345392
0.024435 	 459.833333 	 0.345298
0.024480 	 459.833333 	 0.344849
0.024525 	 459.833333 	 0.344032
0.024570 	 459.833333 	 0.342837
0.024615 	 459.833333 	 0.341263
0.024660 	 459.833333 	 0.339318
0.024705 	 459.833333 	 0.337021
0.024750 	 459.833333 	 0.334400
0.024795 	 459.833333 	 0.331498
0.024840 	 459.833333 	 0.328366
0.024885 	 459.833333 	 0.325066
0.024930 	 459.833333 	 0.321664
0.024975 	 459.833333 	 0.318233
0.025020 	 459.833333 	 0.314846
0.025065 	 459.833333 	 0.311572
0.025110 	 459.833333 	 0.308475
0.025155 	 459.833333 	 0.305608
0.025200 	 459.833333 	 0.303014
0.025245 	 459.833333 	 0.300722
0.025290 	 459.833333 	 0.298745
0.025335 	 459.833333 	 0.297083
0.025380 	 459.833333 	 0.295723
0.025425 	 459.833333 	 0.294641
0.025470 	 459.833333 	 0.293804
0.025515 	 459.833333 	 0.293174
0.025560 	 459.833333 	 0.292711
0.025605 	 459.833333 	 0.292375
0.025650 	 459.833333 	 0.292130
0.025695 	 459.833333 	 0.291944
0.025740 	 459.833333 	 0.291796
0.025785 	 459.833333 	 0.291667
0.025830 	 459.833333 	 0.291548
0.025875 	 459.833333 	 0.291436
0.025920 	 459.833333 	 0.291331
0.025965 	 459.833333 	 0.291234
0.026010 	 459.833333 	 0.291147
0.026055 	 459.833333 	 0.291071
0.026100 	 459.833333 	 0.290999
0.026145 	 459.833333 	 0.290922
0.026190 	 459.833333 	 0.290824
0.026235 	 459.833333 	 0.290683
0.026280 	 459.833333 	 0.290476
0.026325 	 459.833333 	 0.290174
0.026370 	 459.833333 	 0.289750
0.026415 	 459.833333 	 0.289183
0.026460 	 459.833333 	 0.288453
0.026505 	 459.833333 	 0.287552
0.026550 	 459.833333 	 0.286480
0.026595 	 459.833333 	 0.285251
0.026640 	 459.833333 	 0.283890
0.026685 	 459.833333 	 0.282432
0.026730 	 459.833333 	 0.280923
0.026775 	 459.833333 	 0.279415
0.026820 	 459.833333 	 0.277966
0.026865 	 459.833333 	 0.276631
0.026910 	 459.833333 	 0.275463
0.026955 	 459.833333 	 0.274508
0.027000 	 459.833333 	 0.273800
0.027045 	 459.833333 	 0.273362
0.027090 	 459.833333 	 0.273202
0.027135 	 459.833333 	 0.273312
0.027180 	 459.833333 	 0.273672
0.027225 	 459.833333 	 0.274250
0.027270 	 459.833333 	 0.275004
0.027315 	 459.833333 	 0.275886
0.027360 	 459.833333 	 0.276846
0.027405 	 459.833333 	 0.277837
0.027450 	 459.833333 	 0.278814
0.027495 	 459.833333 	 0.279743
0.027540 	 459.833333 	 0.280598
0.027585 	 459.833333 	 0.281365
0.027630 	 459.833333 	 0.282041
0.027675 	 459.833333 	 0.282633
0.027720 	 459.833333 	 0.283155
0.027765 	 459.833333 	 0.283628
0.027810 	 459.833333 	 0.284074
0.027855 	 459.833333 	 0.284518
0.027900 	 459.833333 	 0.284977
0.027945 	 459.833333 	 0.285466
0.027990 	 459.833333 	 0.285987
0.028035 	 459.833333 	 0.286539
0.028080 	 459.833333 	 0.287109
0.028125 	 459.833333 	 0.287675
0.028170 	 459.833333 	 0.288210
0.028215 	 459.833333 	 0.288682
0.028260 	 459.833333 	 0.289059
0.028305 	 459.833333 	 0.289308
0.028350 	 459.833333 	 0.289401
0.028395 	 459.833333 	 0.289315
0.028440 	 459.833333 	 0.289034
0.028485 	 459.833333 	 0.288552
0.028530 	 459.833333 	 0.287869
0.028575 	 459.833333 	 0.286994
0.028620 	 459.833333 	 0.285940
0.028665 	 459.833333 	 0.284725
0.028710 	 459.833333 	 0.283367
0.028755 	 459.833333 	 0.281884
0.028800 	 459.833333 	 0.280291
0.028845 	 459.833333 	 0.278597
0.028890 	 459.833333 	 0.276807
0.028935 	 459.833333 	 0.274920
0.028980 	 459.833333 	 0.272931
0.029025 	 459.833333 	 0.270829
0.029070 	 459.833333 	 0.268606
0.029115 	 459.833333 	 0.266252
0.029160 	 459.833333 	 0.263765
0.029205 	 459.833333 	 0.261145
0.029250 	 459.833333 	 0.258405
0.029295 	 459.833333 	 0.255567
0.029340 	 459.833333 	 0.252661
0.029385 	 459.833333 	 0.249731
0.029430 	 459.833333 	 0.246826
0.029475 	 459.833333 	 0.244003
0.029520 	 459.833333 	 0.241320
0.029565 	 459.833333 	 0.238832
0.029610 	 459.833333 	 0.236592
0.029655 	 459.833333 	 0.234641
0.029700 	 459.833333 	 0.233008
0.029745 	 459.833333 	 0.231707
0.029790 	 459.833333 	 0.230735
0.029835 	 459.833333 	 0.230074
0.029880 	 459.833333 	 0.229691
0.029925 	 459.833333 	 0.229537
0.029970 	 459.833333 	 0.229559
0.030015 	 459.833333 	 0.229697
0.030060 	 459.833333 	 0.229890
0.030105 	 459.833333 	 0.230084
0.030150 	 459.833333 	 0.230234
0.030195 	 459.833333 	 0.230305
0.030240 	 459.833333 	 0.230280
0.030285 	 459.833333 	 0.230157
0.030330 	 459.833333 	 0.229949
0.030375 	 459.833333 	 0.229684
0.030420 	 459.833333 	 0.229399
0.030465 	 459.833333 	 0.229140
0.030510 	 459.833333 	 0.228954
0.030555 	 459.833333 	 0.228884
0.030600 	 459.833333 	 0.228968
0.030645 	 459.833333 	 0.229231
0.030690 	 459.833333 	 0.229686
0.030735 	 459.833333 	 0.230328
0.030780 	 459.833333 	 0.231139
0.030825 	 459.833333 	 0.232087
0.030870 	 459.833333 	 0.233127
0.030915 	 459.833333 	 0.234210
0.030960 	 459.833333 	 0.235282
0.031005 	 459.833333 	 0.236294
0.031050 	 459.833333 	 0.237206
0.031095 	 459.833333 	 0.237988
0.031140 	 459.833333 	 0.238629
0.031185 	 459.833333 	 0.239133
0.031230 	 459.833333 	 0.239523
0.031275 	 459.833333 	 0.239841
0.031320 	 459.833333 	 0.240140
0.031365 	 459.833333 	 0.240485
0.031410 	 459.833333 	 0.240943
0.031455 	 459.833333 	 0.241581
0.031500 	 459.833333 	 0.242458
0.031545 	 459.833333 	 0.243617
0.031590 	 459.833333 	 0.245086
0.031635 	 459.833333 	 0.246870
0.031680 	 459.833333 	 0.248948
0.031725 	 459.833333 	 0.251278
0.031770 	 459.833333 	 0.253796
0.031815 	 459.833333 	 0.256418
0.031860 	 459.833333 	 0.259048
0.031905 	 459.833333 	 0.261585
0.031950 	 459.833333 	 0.263923
0.031995 	 459.833333 	 0.265966
0.032040 	 459.833333 	 0.267628
0.032085 	 459.833333 	 0.268844
0.032130 	 459.833333 	 0.269565
0.032175 	 459.833333 	 0.269771
0.032220 	 459.833333 	 0.269462
0.032265 	 459.833333 	 0.268662
0.032310 	 459.833333 	 0.267413
0.032355 	 459.833333 	 0.265772
0.032400 	 459.833333 	 0.263808
0.032445 	 459.833333 	 0.261589
0.032490 	 459.833333 	 0.259184
0.032535 	 459.833333 	 0.256655
0.032580 	 459.833333 	 0.254052
0.032625 	 459.833333 	 0.251410
0.032670 	 459.833333 	 0.248751
0.032715 	 459.833333 	 0.246079
0.032760 	 459.833333 	 0.243386
0.032805 	 459.833333 	 0.240656
0.032850 	 459.833333 	 0.237864
0.032895 	 459.833333 	 0.234985
0.032940 	 459.833333 	 0.231997
0.032985 	 459.833333 	 0.228886
0.033030 	 459.833333 	 0.225651
0.033075 	 459.833333 	 0.222302
0.033120 	 459.833333 	 0.218868
0.033165 	 459.833333 	 0.215392
0.033210 	 459.833333 	 0.211929
0.033255 	 459.833333 	 0.208549
0.033300 	 459.833333 	 0.205323
0.033345 	 459.833333 	 0.202330
0.033390 	 459.833333 	 0.199640
0.033435 	 459.833333 	 0.197318
0.033480 	 459.833333 	 0.195416
0.033525 	 459.833333 	 0.193968
0.033570 	 459.833333 	 0.192990
0.033615 	 459.833333 	 0.192476
0.033660 	 459.833333 	 0.192401
0.033705 	 459.833333 	 0.192721
0.033750 	 459.833333 	 0.193373
0.033795 	 459.833333 	 0.194284
0.033840 	 459.833333 	 0.195371
0.033885 	 459.833333 	 0.196548
0.033930 	 459.833333 	 0.197729
0.033975 	 459.833333 	 0.198836
0.034020 	 459.833333 	 0.199796
0.034065 	 459.833333 	 0.200553
0.034110 	 459.833333 	 0.201061
0.034155 	 459.833333 	 0.201294
0.034200 	 459.833333 	 0.201240
0.034245 	 459.833333 	 0.200902
0.034290 	 459.833333 	 0.200299
0.034335 	 459.833333 	 0.199460
0.034380 	 459.833333 	 0.198425
0.034425 	 459.833333 	 0.197243
0.034470 	 459.833333 	 0.195965
0.034515 	 459.833333 	 0.194645
0.034560 	 459.833333 	 0.193338
0.034605 	 459.833333 	 0.192096
0.034650 	 459.833333 	 0.190966
0.034695 	 459.833333 	 0.189990
0.034740 	 459.833333 	 0.189201
0.034785 	 459.833333 	 0.188624
0.034830 	 459.833333 	 0.188273
0.034875 	 459.833333 	 0.188150
0.034920 	 459.833333 	 0.188245
0.034965 	 459.833333 	 0.188537
0.035010 	 459.833333 	 0.188990
0.035055 	 459.833333 	 0.189556
0.035100 	 459.833333 	 0.190178
0.035145 	 459.833333 	 0.190788
0.035190 	 459.833333 	 0.191313
0.035235 	 459.833333 	 0.191676
0.035280 	 459.833333 	 0.191802
0.035325 	 459.833333 	 0.191621
0.035370 	 459.833333 	 0.191073
0.035415 	 459.833333 	 0.190114
0.035460 	 459.833333 	 0.188719
0.035505 	 459.833333 	 0.186886
0.035550 	 459.833333 	 0.184637
0.035595 	 459.833333 	 0.182022
0.035640 	 459.833333 	 0.179113
0.035685 	 459.833333 	 0.176009
0.035730 	 459.833333 	 0.172825
0.035775 	 459.833333 	 0.169689
0.035820 	 459.833333 	 0.166735
0.035865 	 459.833333 	 0.164094
0.035910 	 459.833333 	 0.161888
0.035955 	 459.833333 	 0.160216
0.036000 	 459.833333 	 0.159155
0.036045 	 459.833333 	 0.158747
0.036090 	 459.833333 	 0.158998
0.036135 	 459.833333 	 0.159875
0.036180 	 459.833333 	 0.161309
0.036225 	 459.833333 	 0.163196
0.036270 	 459.833333 	 0.165404
0.036315 	 459.833333 	 0.167782
0.036360 	 459.833333 	 0.170169
0.036405 	 459.833333 	 0.172403
0.036450 	 459.833333 	 0.174337
0.036495 	 459.833333 	 0.175842
0.036540 	 459.833333 	 0.176824
0.036585 	 459.833333 	 0.177226
0.036630 	 459.833333 	 0.177034
0.036675 	 459.833333 	 0.176276
0.036720 	 459.833333 	 0.175027
0.036765 	 459.833333 	 0.173394
0.036810 	 459.833333 	 0.171520
0.036855 	 459.833333 	 0.169562
0.036900 	 459.833333 	 0.167691
0.036945 	 459.833333 	 0.166071
0.036990 	 459.833333 	 0.164853
0.037035 	 459.833333 	 0.164160
0.037080 	 459.833333 	 0.164083
0.037125 	 459.833333 	 0.164668
0.037170 	 459.833333 	 0.165920
0.037215 	 459.833333 	 0.167799
0.037260 	 459.833333 	 0.170222
0.037305 	 459.833333 	 0.173073
0.037350 	 459.833333 	 0.176209
0.037395 	 459.833333 	 0.179472
0.037440 	 459.833333 	 0.182698
0.037485 	 459.833333 	 0.185733
0.037530 	 459.833333 	 0.188438
0.037575 	 459.833333 	 0.190703
0.037620 	 459.833333 	 0.192452
0.037665 	 459.833333 	 0.193643
0.037710 	 459.833333 	 0.194276
0.037755 	 459.833333 	 0.194383
0.037800 	 459.833333 	 0.194029
0.037845 	 459.833333 	 0.193302
0.037890 	 459.833333 	 0.192300
0.037935 	 459.833333 	 0.191129
0.037980 	 459.833333 	 0.189886
0.038025 	 459.833333 	 0.188653
0.038070 	 459.833333 	 0.187490
0.038115 	 459.833333 	 0.186427
0.038160 	 459.833333 	 0.185463
0.038205 	 459.833333 	 0.184570
0.038250 	 459.833333 	 0.183688
0.038295 	 459.833333 	 0.182741
0.038340 	 459.833333 	 0.181637
0.038385 	 459.833333 	 0.180281
0.038430 	 459.833333 	 0.178585
0.038475 	 459.833333 	 0.176478
0.038520 	 459.833333 	 0.173911
0.038565 	 459.833333 	 0.170871
0.038610 	 459.833333 	 0.167377
0.038655 	 459.833333 	 0.163486
0.038700 	 459.833333 	 0.159290
0.038745 	 459.833333 	 0.154911
0.038790 	 459.833333 	 0.150494
0.038835 	 459.833333 	 0.146196
0.038880 	 459.833333 	 0.142177
0.038925 	 459.833333 	 0.138585
0.038970 	 459.833333 	 0.135548
0.039015 	 459.833333 	 0.133164
0.039060 	 459.833333 	 0.131489
0.039105 	 459.833333 	 0.130536
0.039150 	 459.833333 	 0.130270
0.039195 	 459.833333 	 0.130613
0.039240 	 459.833333 	 0.131444
0.039285 	 459.833333 	 0.132610
0.039330 	 459.833333 	 0.133934
0.039375 	 459.833333 	 0.135228
0.039420 	 459.833333 	 0.136308
0.039465 	 459.833333 	 0.137003
0.039510 	 459.833333 	 0.137170
0.039555 	 459.833333 	 0.136702
0.039600 	 459.833333 	 0.135539
0.039645 	 459.833333 	 0.133669
0.039690 	 459.833333 	 0.131130
0.039735 	 459.833333 	 0.128011
0.039780 	 459.833333 	 0.124439
0.039825 	 459.833333 	 0.120577
0.039870 	 459.833333 	 0.116611
0.039915 	 459.833333 	 0.112733
0.039960 	 459.833333 	 0.109134
0.040005 	 459.833333 	 0.105986
0.040050 	 459.833333 	 0.103432
0.040095 	 459.833333 	 0.101575
0.040140 	 459.833333 	 0.100473
0.040185 	 459.833333 	 0.100134
0.040230 	 459.833333 	 0.100513
0.040275 	 459.833333 	 0.101522
0.040320 	 459.833333 	 0.103027
0.040365 	 459.833333 	 0.104868
0.040410 	 459.833333 	 0.106863
0.040455 	 459.833333 	 0.108824
0.040500 	 459.833333 	 0.110569
0.040545 	 459.833333 	 0.111940
0.040590 	 459.833333 	 0.112808
0.040635 	 459.833333 	 0.113087
0.040680 	 459.833333 	 0.112739
0.040725 	 459.833333 	 0.111779
0.040770 	 459.833333 	 0.110270
0.040815 	 459.833333 	 0.108326
0.040860 	 459.833333 	 0.106098
0.040905 	 459.833333 	 0.103767
0.040950 	 459.833333 	 0.101531
0.040995 	 459.833333 	 0.099591
0.041040 	 459.833333 	 0.098136
0.041085 	 459.833333 	 0.097329
0.041130 	 459.833333 	 0.097297
0.041175 	 459.833333 	 0.098118
0.041220 	 459.833333 	 0.099817
0.041265 	 459.833333 	 0.102360
0.041310 	 459.833333 	 0.105658
0.041355 	 459.833333 	 0.109568
0.041400 	 459.833333 	 0.113903
0.041445 	 459.833333 	 0.118440
0.041490 	 459.833333 	 0.122940
0.041535 	 459.833333 	 0.127154
0.041580 	 459.833333 	 0.130843
0.041625 	 459.833333 	 0.133792
0.041670 	 459.833333 	 0.135820
0.041715 	 459.833333 	 0.136795
0.041760 	 459.833333 	 0.136634
0.041805 	 459.833333 	 0.135312
0.041850 	 459.833333 	 0.132860
0.041895 	 459.833333 	 0.129359
0.041940 	 459.833333 	 0.124935
0.041985 	 459.833333 	 0.119745
0.042030 	 459.833333 	 0.113970
0.042075 	 459.833333 	 0.107796
0.042120 	 459.833333 	 0.101406
0.042165 	 459.833333 	 0.094966
0.042210 	 459.833333 	 0.088615
0.042255 	 459.833333 	 0.082461
0.042300 	 459.833333 	 0.076574
0.042345 	 459.833333 	 0.070992
0.042390 	 459.833333 	 0.065719
0.042435 	 459.833333 	 0.060739
0.042480 	 459.833333 	 0.056022
0.042525 	 459.833333 	 0.051536
0.042570 	 459.833333 	 0.047261
0.042615 	 459.833333 	 0.043202
0.042660 	 459.833333 	 0.039393
0.042705 	 459.833333 	 0.035910
0.042750 	 459.833333 	 0.032872
0.042795 	 459.833333 	 0.030438
0.042840 	 459.833333 	 0.028800
0.042885 	 459.833333 	 0.028176
0.042930 	 459.833333 	 0.028793
0.042975 	 459.833333 	 0.030866
0.043020 	 459.833333 	 0.034586
0.043065 	 459.833333 	 0.040089
0.043110 	 459.833333 	 0.047448
0.043155 	 459.833333 	 0.056650
0.043200 	 459.833333 	 0.067586
0.043245 	 459.833333 	 0.080045
0.043290 	 459.833333 	 0.093714
0.043335 	 459.833333 	 0.108190
0.043380 	 459.833333 	 0.122985
0.043425 	 459.833333 	 0.137558
0.043470 	 459.833333 	 0.151332
0.043515 	 459.833333 	 0.163731
0.043560 	 459.833333 	 0.174207
0.043605 	 459.833333 	 0.182276
0.043650 	 459.833333 	 0.187545
0.043695 	 459.833333 	 0.189740
0.043740 	 459.833333 	 0.188723
0.043785 	 459.833333 	 0.184501
0.043830 	 459.833333 	 0.177236
0.043875 	 459.833333 	 0.167229
0.043920 	 459.833333 	 0.154910
0.043965 	 459.833333 	 0.140813
0.044010 	 459.833333 	 0.125543
0.044055 	 459.833333 	 0.109743
0.044100 	 459.833333 	 0.094058
0.044145 	 459.833333 	 0.079090
0.044190 	 459.833333 	 0.065374
0.044235 	 459.833333 	 0.053337
0.044280 	 459.833333 	 0.043283
0.044325 	 459.833333 	 0.035376
0.044370 	 459.833333 	 0.029633
0.044415 	 459.833333 	 0.025936
0.044460 	 459.833333 	 0.024036
0.044505 	 459.833333 	 0.023587
0.044550 	 459.833333 	 0.024166
0.044595 	 459.833333 	 0.025313
0.044640 	 459.833333 	 0.026563
0.044685 	 459.833333 	 0.027484
0.044730 	 459.833333 	 0.027704
0.044775 	 459.833333 	 0.026942
0.044820 	 459.833333 	 0.025023
0.044865 	 459.833333 	 0.021890
0.044910 	 459.833333 	 0.017602
0.044955 	 459.833333 	 0.012328
0.045000 	 459.833333 	 0.006325
0.045045 	 459.833333 	 -0.000083
0.045090 	 459.833333 	 -0.006535
0.045135 	 459.833333 	 -0.012670
0.045180 	 459.833333 	 -0.018153
0.045225 	 459.833333 	 -0.022713
0.045270 	 459.833333 	 -0.026164
0.045315 	 459.833333 	 -0.028422
0.045360 	 459.833333 	 -0.029522
0.045405 	 459.833333 	 -0.029615
0.045450 	 459.833333 	 -0.028958
0.045495 	 459.833333 	 -0.027902
0.045540 	 459.833333 	 -0.026864
0.045585 	 459.833333 	 -0.026296
0.045630 	 459.833333 	 -0.026655
0.045675 	 459.833333 	 -0.028362
0.045720 	 459.833333 	 -0.031772
0.045765 	 459.833333 	 -0.037142
0.045810 	 459.833333 	 -0.044611
0.045855 	 459.833333 	 -0.054180
0.045900 	 459.833333 	 -0.065708
0.045945 	 459.833333 	 -0.078917
0.045990 	 459.833333 	 -0.093400
0.046035 	 459.833333 	 -0.108649
0.046080 	 459.833333 	 -0.124077
0.046125 	 459.833333 	 -0.139058
0.046170 	 459.833333 	 -0.152960
0.046215 	 459.833333 	 -0.165184
0.046260 	 459.833333 	 -0.175198
0.046305 	 459.833333 	 -0.182567
0.046350 	 459.833333 	 -0.186980
0.046395 	 459.833333 	 -0.188266
0.046440 	 459.833333 	 -0.186398
0.046485 	 459.833333 	 -0.181498
0.046530 	 459.833333 	 -0.173819
0.046575 	 459.833333 	 -0.163736
0.046620 	 459.833333 	 -0.151714
0.046665 	 459.833333 	 -0.138287
0.046710 	 459.833333 	 -0.124018
0.046755 	 459.833333 	 -0.109475
0.046800 	 459.833333 	 -0.095196
0.046845 	 459.833333 	 -0.081665
0.046890 	 459.833333 	 -0.069291
0.046935 	 459.833333 	 -0.058391
0.046980 	 459.833333 	 -0.049183
0.047025 	 459.833333 	 -0.041785
0.047070 	 459.833333 	 -0.036219
0.047115 	 459.833333 	 -0.032424
0.047160 	 459.833333 	 -0.030269
0.047205 	 459.833333 	 -0.029572
0.047250 	 459.833333 	 -0.030123
0.047295 	 459.833333 	 -0.031698
0.047340 	 459.833333 	 -0.034082
0.047385 	 459.833333 	 -0.037080
0.047430 	 459.833333 	 -0.040532
0.047475 	 459.833333 	 -0.044318
0.047520 	 459.833333 	 -0.048356
0.047565 	 459.833333 	 -0.052609
0.047610 	 459.833333 	 -0.057068
0.047655 	 459.833333 	 -0.061751
0.047700 	 459.833333 	 -0.066687
0.047745 	 459.833333 	 -0.071905
0.047790 	 459.833333 	 -0.077423
0.047835 	 459.833333 	 -0.083238
0.047880 	 459.833333 	 -0.089315
0.047925 	 459.833333 	 -0.095588
0.047970 	 459.833333 	 -0.101954
0.048015 	 459.833333 	 -0.108279
0.048060 	 459.833333 	 -0.114401
0.048105 	 459.833333 	 -0.120143
0.048150 	 459.833333 	 -0.125321
0.048195 	 459.833333 	 -0.129757
0.048240 	 459.833333 	 -0.133294
0.048285 	 459.833333 	 -0.135807
0.048330 	 459.833333 	 -0.137213
0.048375 	 459.833333 	 -0.137479
0.048420 	 459.833333 	 -0.136625
0.048465 	 459.833333 	 -0.134729
0.048510 	 459.833333 	 -0.131918
0.048555 	 459.833333 	 -0.128370
0.048600 	 459.833333 	 -0.124292
0.048645 	 459.833333 	 -0.119921
0.048690 	 459.833333 	 -0.115500
0.048735 	 459.833333 	 -0.111268
0.048780 	 459.833333 	 -0.107444
0.048825 	 459.833333 	 -0.104216
0.048870 	 459.833333 	 -0.101724
0.048915 	 459.833333 	 -0.100062
0.048960 	 459.833333 	 -0.099262
0.049005 	 459.833333 	 -0.099302
0.049050 	 459.833333 	 -0.100105
0.049095 	 459.833333 	 -0.101546
0.049140 	 459.833333 	 -0.103464
0.049185 	 459.833333 	 -0.105670
0.049230 	 459.833333 	 -0.107963
0.049275 	 459.833333 	 -0.110146
0.049320 	 459.833333 	 -0.112037
0.049365 	 459.833333 	 -0.113484
0.049410 	 459.833333 	 -0.114374
0.049455 	 459.833333 	 -0.114641
0.049500 	 459.833333 	 -0.114271
0.049545 	 459.833333 	 -0.113303
0.049590 	 459.833333 	 -0.111822
0.049635 	 459.833333 	 -0.109958
0.049680 	 459.833333 	 -0.107874
0.049725 	 459.833333 	 -0.105753
0.049770 	 459.833333 	 -0.103786
0.049815 	 459.833333 	 -0.102160
0.049860 	 459.833333 	 -0.101041
0.049905 	 459.833333 	 -0.100565
0.049950 	 459.833333 	 -0.100827
0.049995 	 459.833333 	 -0.101873
0.050040 	 459.833333 	 -0.103699
0.050085 	 459.833333 	 -0.106250
0.050130 	 459.833333 	 -0.109422
0.050175 	 459.833333 	 -0.113072
0.050220 	 459.833333 	 -0.117025
0.050265 	 459.833333 	 -0.121088
0.050310 	 459.833333 	 -0.125062
0.050355 	 459.833333 	 -0.128757
0.050400 	 459.833333 	 -0.132004
0.050445 	 459.833333 	 -0.134665
0.050490 	 459.833333 	 -0.136648
0.050535 	 459.833333 	 -0.137906
0.050580 	 459.833333 	 -0.138444
0.050625 	 459.833333 	 -0.138317
0.050670 	 459.833333 	 -0.137629
0.050715 	 459.833333 	 -0.136519
0.050760 	 459.833333 	 -0.135158
0.050805 	 459.833333 	 -0.133731
0.050850 	 459.833333 	 -0.132430
0.050895 	 459.833333 	 -0.131436
0.050940 	 459.833333 	 -0.130908
0.050985 	 459.833333 	 -0.130975
0.051030 	 459.833333 	 -0.131725
0.051075 	 459.833333 	 -0.133202
0.051120 	 459.833333 	 -0.135402
0.051165 	 459.833333 	 -0.138278
0.051210 	 459.833333 	 -0.141740
0.051255 	 459.833333 	 -0.145669
0.051300 	 459.833333 	 -0.149919
0.051345 	 459.833333 	 -0.154336
0.051390 	 459.833333 	 -0.158763
0.051435 	 459.833333 	 -0.163055
0.051480 	 459.833333 	 -0.167086
0.051525 	 459.833333 	 -0.170760
0.051570 	 459.833333 	 -0.174010
0.051615 	 459.833333 	 -0.176810
0.051660 	 459.833333 	 -0.179164
0.051705 	 459.833333 	 -0.181109
0.051750 	 459.833333 	 -0.182706
0.051795 	 459.833333 	 -0.184033
0.051840 	 459.833333 	 -0.185175
0.051885 	 459.833333 	 -0.186216
0.051930 	 459.833333 	 -0.187228
0.051975 	 459.833333 	 -0.188265
0.052020 	 459.833333 	 -0.189356
0.052065 	 459.833333 	 -0.190502
0.052110 	 459.833333 	 -0.191676
0.052155 	 459.833333 	 -0.192824
0.052200 	 459.833333 	 -0.193872
0.052245 	 459.833333 	 -0.194730
0.052290 	 459.833333 	 -0.195305
0.052335 	 459.833333 	 -0.195504
0.052380 	 459.833333 	 -0.195252
0.052425 	 459.833333 	 -0.194491
0.052470 	 459.833333 	 -0.193196
0.052515 	 459.833333 	 -0.191373
0.052560 	 459.833333 	 -0.189065
0.052605 	 459.833333 	 -0.186349
0.052650 	 459.833333 	 -0.183336
0.052695 	 459.833333 	 -0.180158
0.052740 	 459.833333 	 -0.176965
0.052785 	 459.833333 	 -0.173913
0.052830 	 459.833333 	 -0.171152
0.052875 	 459.833333 	 -0.168815
0.052920 	 459.833333 	 -0.167011
0.052965 	 459.833333 	 -0.165814
0.053010 	 459.833333 	 -0.165257
0.053055 	 459.833333 	 -0.165332
0.053100 	 459.833333 	 -0.165988
0.053145 	 459.833333 	 -0.167135
0.053190 	 459.833333 	 -0.168651
0.053235 	 459.833333 	 -0.170389
0.053280 	 459.833333 	 -0.172189
0.053325 	 459.833333 	 -0.173890
0.053370 	 459.833333 	 -0.175341
0.053415 	 459.833333 	 -0.176412
0.053460 	 459.833333 	 -0.177000
0.053505 	 459.833333 	 -0.177043
0.053550 	 459.833333 	 -0.176518
0.053595 	 459.833333 	 -0.175445
0.053640 	 459.833333 	 -0.173886
0.053685 	 459.833333 	 -0.171937
0.053730 	 459.833333 	 -0.169725
0.053775 	 459.833333 	 -0.167398
0.053820 	 459.833333 	 -0.165111
0.053865 	 459.833333 	 -0.163022
0.053910 	 459.833333 	 -0.161274
0.053955 	 459.833333 	 -0.159992
0.054000 	 459.833333 	 -0.159272
0.054045 	 459.833333 	 -0.159176
0.054090 	 459.833333 	 -0.159731
0.054135 	 459.833333 	 -0.160926
0.054180 	 459.833333 	 -0.162713
0.054225 	 459.833333 	 -0.165015
0.054270 	 459.833333 	 -0.167730
0.054315 	 459.833333 	 -0.170738
0.054360 	 459.833333 	 -0.173909
0.054405 	 459.833333 	 -0.177113
0.054450 	 459.833333 	 -0.180226
0.054495 	 459.833333 	 -0.183136
0.054540 	 459.833333 	 -0.185750
0.054585 	 459.833333 	 -0.187999
0.054630 	 459.833333 	 -0.189838
0.054675 	 459.833333 	 -0.191246
0.054720 	 459.833333 	 -0.192227
0.054765 	 459.833333 	 -0.192807
0.054810 	 459.833333 	 -0.193030
0.054855 	 459.833333 	 -0.192953
0.054900 	 459.833333 	 -0.192644
0.054945 	 459.833333 	 -0.192174
0.054990 	 459.833333 	 -0.191618
0.055035 	 459.833333 	 -0.191044
0.055080 	 459.833333 	 -0.190516
0.055125 	 459.833333 	 -0.190090
0.055170 	 459.833333 	 -0.189811
0.055215 	 459.833333 	 -0.189712
0.055260 	 459.833333 	 -0.189816
0.055305 	 459.833333 	 -0.190132
0.055350 	 459.833333 	 -0.190660
0.055395 	 459.833333 	 -0.191388
0.055440 	 459.833333 	 -0.192294
0.055485 	 459.833333 	 -0.193348
0.055530 	 459.833333 	 -0.194512
0.055575 	 459.833333 	 -0.195743
0.055620 	 459.833333 	 -0.196992
0.055665 	 459.833333 	 -0.198207
0.055710 	 459.833333 	 -0.199336
0.055755 	 459.833333 	 -0.200329
0.055800 	 459.833333 	 -0.201139
0.055845 	 459.833333 	 -0.201725
0.055890 	 459.833333 	 -0.202057
0.055935 	 459.833333 	 -0.202113
0.055980 	 459.833333 	 -0.201889
0.056025 	 459.833333 	 -0.201393
0.056070 	 459.833333 	 -0.200649
0.056115 	 459.833333 	 -0.199698
0.056160 	 459.833333 	 -0.198595
0.056205 	 459.833333 	 -0.197409
0.056250 	 459.833333 	 -0.196218
0.056295 	 459.833333 	 -0.195105
0.056340 	 459.833333 	 -0.194158
0.056385 	 459.833333 	 -0.193458
0.056430 	 459.833333 	 -0.193083
0.056475 	 459.833333 	 -0.193096
0.056520 	 459.833333 	 -0.193544
0.056565 	 459.833333 	 -0.194457
0.056610 	 459.833333 	 -0.195844
0.056655 	 459.833333 	 -0.197695
0.056700 	 459.833333 	 -0.199977
0.056745 	 459.833333 	 -0.202643
0.056790 	 459.833333 	 -0.205632
0.056835 	 459.833333 	 -0.208872
0.056880 	 459.833333 	 -0.212289
0.056925 	 459.833333 	 -0.215808
0.056970 	 459.833333 	 -0.219361
0.057015 	 459.833333 	 -0.222888
0.057060 	 459.833333 	 -0.226342
0.057105 	 459.833333 	 -0.229690
0.057150 	 459.833333 	 -0.232916
0.057195 	 459.833333 	 -0.236016
0.057240 	 459.833333 	 -0.238997
0.057285 	 459.833333 	 -0.241875
0.057330 	 459.833333 	 -0.244671
0.057375 	 459.833333 	 -0.247404
0.057420 	 459.833333 	 -0.250089
0.057465 	 459.833333 	 -0.252732
0.057510 	 459.833333 	 -0.255326
0.057555 	 459.833333 	 -0.257854
0.057600 	 459.833333 	 -0.260282
0.057645 	 459.833333 	 -0.262564
0.057690 	 459.833333 	 -0.264643
0.057735 	 459.833333 	 -0.266458
0.057780 	 459.833333 	 -0.267945
0.057825 	 459.833333 	 -0.269044
0.057870 	 459.833333 	 -0.269703
0.057915 	 459.833333 	 -0.269886
0.057960 	 459.833333 	 -0.269574
0.058005 	 459.833333 	 -0.268770
0.058050 	 459.833333 	 -0.267496
0.058095 	 459.833333 	 -0.265801
0.058140 	 459.833333 	 -0.263751
0.058185 	 459.833333 	 -0.261428
0.058230 	 459.833333 	 -0.258926
0.058275 	 459.833333 	 -0.256344
0.058320 	 459.833333 	 -0.253781
0.058365 	 459.833333 	 -0.251329
0.058410 	 459.833333 	 -0.249064
0.058455 	 459.833333 	 -0.247049
0.058500 	 459.833333 	 -0.245323
0.058545 	 459.833333 	 -0.243902
0.058590 	 459.833333 	 -0.242782
0.058635 	 459.833333 	 -0.241936
0.058680 	 459.833333 	 -0.241320
0.058725 	 459.833333 	 -0.240878
0.058770 	 459.833333 	 -0.240547
0.058815 	 459.833333 	 -0.240260
0.058860 	 459.833333 	 -0.239958
0.058905 	 459.833333 	 -0.239587
0.058950 	 459.833333 	 -0.239111
0.058995 	 459.833333 	 -0.238506
0.059040 	 459.833333 	 -0.237768
0.059085 	 459.833333 	 -0.236907
0.059130 	 459.833333 	 -0.235952
0.059175 	 459.833333 	 -0.234939
0.059220 	 459.833333 	 -0.233916
0.059265 	 459.833333 	 -0.232930
0.059310 	 459.833333 	 -0.232028
0.059355 	 459.833333 	 -0.231250
0.059400 	 459.833333 	 -0.230626
0.059445 	 459.833333 	 -0.230172
0.059490 	 459.833333 	 -0.229890
0.059535 	 459.833333 	 -0.229770
0.059580 	 459.833333 	 -0.229787
0.059625 	 459.833333 	 -0.229906
0.059670 	 459.833333 	 -0.230087
0.059715 	 459.833333 	 -0.230289
0.059760 	 459.833333 	 -0.230470
0.059805 	 459.833333 	 -0.230599
0.059850 	 459.833333 	 -0.230653
0.059895 	 459.833333 	 -0.230623
0.059940 	 459.833333 	 -0.230514
0.059985 	 459.833333 	 -0.230347
0.060030 	 459.833333 	 -0.230156
0.060075 	 459.833333 	 -0.229987
0.060120 	 459.833333 	 -0.229892
0.060165 	 459.833333 	 -0.229928
0.060210 	 459.833333 	 -0.230152
0.060255 	 459.833333 	 -0.230614
0.060300 	 459.833333 	 -0.231355
0.060345 	 459.833333 	 -0.232406
0.060390 	 459.833333 	 -0.233779
0.060435 	 459.833333 	 -0.235475
0.060480 	 459.833333 	 -0.237476
0.060525 	 459.833333 	 -0.239751
0.060570 	 459.833333 	 -0.242259
0.060615 	 459.833333 	 -0.244949
0.060660 	 459.833333 	 -0.247766
0.060705 	 459.833333 	 -0.250653
0.060750 	 459.833333 	 -0.253559
0.060795 	 459.833333 	 -0.256435
0.060840 	 459.833333 	 -0.259243
0.060885 	 459.833333 	 -0.261954
0.060930 	 459.833333 	 -0.264548
0.060975 	 459.833333 	 -0.267016
0.061020 	 459.833333 	 -0.269356
0.061065 	 459.833333 	 -0.271572
0.061110 	 459.833333 	 -0.273673
0.061155 	 459.833333 	 -0.275666
0.061200 	 459.833333 	 -0.277559
0.061245 	 459.833333 	 -0.279357
0.061290 	 459.833333 	 -0.281060
0.061335 	 459.833333 	 -0.282660
0.061380 	 459.833333 	 -0.284148
0.061425 	 459.833333 	 -0.285510
0.061470 	 459.833333 	 -0.286726
0.061515 	 459.833333 	 -0.287781
0.061560 	 459.833333 	 -0.288659
0.061605 	 459.833333 	 -0.289346
0.061650 	 459.833333 	 -0.289839
0.061695 	 459.833333 	 -0.290137
0.061740 	 459.833333 	 -0.290250
0.061785 	 459.833333 	 -0.290194
0.061830 	 459.833333 	 -0.289993
0.061875 	 459.833333 	 -0.289675
0.061920 	 459.833333 	 -0.289271
0.061965 	 459.833333 	 -0.288812
0.062010 	 459.833333 	 -0.288329
0.062055 	 459.833333 	 -0.287845
0.062100 	 459.833333 	 -0.287377
0.062145 	 459.833333 	 -0.286936
0.062190 	 459.833333 	 -0.286521
0.062235 	 459.833333 	 -0.286126
0.062280 	 459.833333 	 -0.285734
0.062325 	 459.833333 	 -0.285326
0.062370 	 459.833333 	 -0.284878
0.062415 	 459.833333 	 -0.284370
0.062460 	 459.833333 	 -0.283780
0.062505 	 459.833333 	 -0.283098
0.062550 	 459.833333 	 -0.282318
0.062595 	 459.833333 	 -0.281448
0.062640 	 459.833333 	 -0.280503
0.062685 	 459.833333 	 -0.279513
0.062730 	 459.833333 	 -0.278515
0.062775 	 459.833333 	 -0.277553
0.062820 	 459.833333 	 -0.276676
0.062865 	 459.833333 	 -0.275933
0.062910 	 459.833333 	 -0.275372
0.062955 	 459.833333 	 -0.275031
0.063000 	 459.833333 	 -0.274941
0.063045 	 459.833333 	 -0.275119
0.063090 	 459.833333 	 -0.275570
0.063135 	 459.833333 	 -0.276283
0.063180 	 459.833333 	 -0.277233
0.063225 	 459.833333 	 -0.278384
0.063270 	 459.833333 	 -0.279691
0.063315 	 459.833333 	 -0.281100
0.063360 	 459.833333 	 -0.282556
0.063405 	 459.833333 	 -0.284005
0.063450 	 459.833333 	 -0.285396
0.063495 	 459.833333 	 -0.286688
0.063540 	 459.833333 	 -0.287847
0.063585 	 459.833333 	 -0.288851
0.063630 	 459.833333 	 -0.289691
0.063675 	 459.833333 	 -0.290368
0.063720 	 459.833333 	 -0.290891
0.063765 	 459.833333 	 -0.291279
0.063810 	 459.833333 	 -0.291554
0.063855 	 459.833333 	 -0.291742
0.063900 	 459.833333 	 -0.291868
0.063945 	 459.833333 	 -0.291954
0.063990 	 459.833333 	 -0.292018
0.064035 	 459.833333 	 -0.292073
0.064080 	 459.833333 	 -0.292127
0.064125 	 459.833333 	 -0.292181
0.064170 	 459.833333 	 -0.292237
0.064215 	 459.833333 	 -0.292290
0.064260 	 459.833333 	 -0.292341
0.064305 	 459.833333 	 -0.292390
0.064350 	 459.833333 	 -0.292443
0.064395 	 459.833333 	 -0.292512
0.064440 	 459.833333 	 -0.292618
0.064485 	 459.833333 	 -0.292788
0.064530 	 459.833333 	 -0.293055
0.064575 	 459.833333 	 -0.293458
0.064620 	 459.833333 	 -0.294040
0.064665 	 459.833333 	 -0.294840
0.064710 	 459.833333 	 -0.295899
0.064755 	 459.833333 	 -0.297247
0.064800 	 459.833333 	 -0.298907
0.064845 	 459.833333 	 -0.300890
0.064890 	 459.833333 	 -0.303194
0.064935 	 459.833333 	 -0.305800
0.064980 	 459.833333 	 -0.308677
0.065025 	 459.833333 	 -0.311781
0.065070 	 459.833333 	 -0.315056
0.065115 	 459.833333 	 -0.318436
0.065160 	 459.833333 	 -0.321852
0.065205 	 459.833333 	 -0.325232
0.065250 	 459.833333 	 -0.328506
0.065295 	 459.833333 	 -0.331609
0.065340 	 459.833333 	 -0.334484
0.065385 	 459.833333 	 -0.337082
0.065430 	 459.833333 	 -0.339367
0.065475 	 459.833333 	 -0.341312
0.065520 	 459.833333 	 -0.342903
0.065565 	 459.833333 	 -0.344134
0.065610 	 459.833333 	 -0.345008
0.065655 	 459.833333 	 -0.345535
0.065700 	 459.833333 	 -0.345727
0.065745 	 459.833333 	 -0.345601
0.065790 	 459.833333 	 -0.345173
0.065835 	 459.833333 	 -0.344459
0.065880 	 459.833333 	 -0.343474
0.065925 	 459.833333 	 -0.342234
0.065970 	 459.833333 	 -0.340752
0.066015 	 459.833333 	 -0.339043
0.066060 	 459.833333 	 -0.337124
0.066105 	 459.833333 	 -0.335015
0.066150 	 459.833333 	 -0.332739
0.066195 	 459.833333 	 -0.330325
0.066240 	 459.833333 	 -0.327807
0.066285 	 459.833333 	 -0.325226
0.066330 	 459.833333 	 -0.322625
0.066375 	 459.833333 	 -0.320049
0.066420 	 459.833333 	 -0.317548
0.066465 	 459.833333 	 -0.315167
0.066510 	 459.833333 	 -0.312949
0.066555 	 459.833333 	 -0.310931
0.066600 	 459.833333 	 -0.309140
0.066645 	 459.833333 	 -0.307598
0.066690 	 459.833333 	 -0.306311
0.066735 	 459.833333 	 -0.305279
0.066780 	 459.833333 	 -0.304490
0.066825 	 459.833333 	 -0.303923
0.066870 	 459.833333 	 -0.303553
0.066915 	 459.833333 	 -0.303349
0.066960 	 459.833333 	 -0.303280
0.067005 	 459.833333 	 -0.303318
0.067050 	 459.833333 	 -0.303438
0.067095 	 459.833333 	 -0.303622
0.067140 	 459.833333 	 -0.303861
0.067185 	 459.833333 	 -0.304154
0.067230 	 459.833333 	 -0.304508
0.067275 	 459.833333 	 -0.304938
0.067320 	 459.833333 	 -0.305464
0.067365 	 459.833333 	 -0.306111
0.067410 	 459.833333 	 -0.306900
0.067455 	 459.833333 	 -0.307853
0.067500 	 459.833333 	 -0.308985
0.067545 	 459.833333 	 -0.310303
0.067590 	 459.833333 	 -0.311804
0.067635 	 459.833333 	 -0.313477
0.067680 	 459.833333 	 -0.315298
0.067725 	 459.833333 	 -0.317234
0.067770 	 459.833333 	 -0.319246
0.067815 	 459.833333 	 -0.321288
0.067860 	 459.833333 	 -0.323311
0.067905 	 459.833333 	 -0.325271
0.067950 	 459.833333 	 -0.327123
0.067995 	 459.833333 	 -0.328833
0.068040 	 459.833333 	 -0.330373
0.068085 	 459.833333 	 -0.331728
0.068130 	 459.833333 	 -0.332891
0.068175 	 459.833333 	 -0.333871
0.068220 	 459.833333 	 -0.334681
0.068265 	 459.833333 	 -0.335348
0.068310 	 459.833333 	 -0.335899
0.068355 	 459.833333 	 -0.336367
0.068400 	 459.833333 	 -0.336785
0.068445 	 459.833333 	 -0.337183
0.068490 	 459.833333 	 -0.337585
0.068535 	 459.833333 	 -0.338010
0.068580 	 459.833333 	 -0.338469
0.068625 	 459.833333 	 -0.338966
0.068670 	 459.833333 	 -0.339496
0.068715 	 459.833333 	 -0.340050
0.068760 	 459.833333 	 -0.340616
0.068805 	 459.833333 	 -0.341176
0.068850 	 459.833333 	 -0.341717
0.068895 	 459.833333 	 -0.342224
0.068940 	 459.833333 	 -0.342689
0.068985 	 459.833333 	 -0.343106
0.069030 	 459.833333 	 -0.343476
0.069075 	 459.833333 	 -0.343805
0.069120 	 459.833333 	 -0.344102
0.069165 	 459.833333 	 -0.344382
0.069210 	 459.833333 	 -0.344658
0.069255 	 459.833333 	 -0.344945
0.069300 	 459.833333 	 -0.345253
0.069345 	 459.833333 	 -0.345590
0.069390 	 459.833333 	 -0.345959
0.069435 	 459.833333 	 -0.346356
0.069480 	 459.833333 	 -0.346771
0.069525 	 459.833333 	 -0.347189
0.069570 	 459.833333 	 -0.347593
0.069615 	 459.833333 	 -0.347962
0.069660 	 459.833333 	 -0.348276
0.069705 	 459.833333 	 -0.348519
0.069750 	 459.833333 	 -0.348679
0.069795 	 459.833333 	 -0.348752
0.069840 	 459.833333 	 -0.348740
0.069885 	 459.833333 	 -0.348657
0.069930 	 459.833333 	 -0.348525
0.069975 	 459.833333 	 -0.348376
0.070020 	 459.833333 	 -0.348246
0.070065 	 459.833333 	 -0.348177
0.070110 	 459.833333 	 -0.348215
0.070155 	 459.833333 	 -0.348402
0.070200 	 459.833333 	 -0.348778
0.070245 	 459.833333 	 -0.349377
0.070290 	 459.833333 	 -0.350224
0.070335 	 459.833333 	 -0.351333
0.070380 	 459.833333 	 -0.352709
0.070425 	 459.833333 	 -0.354344
0.070470 	 459.833333 	 -0.356223
0.070515 	 459.833333 	 -0.358321
0.070560 	 459.833333 	 -0.360606
0.070605 	 459.833333 	 -0.363041
0.070650 	 459.833333 	 -0.365589
0.070695 	 459.833333 	 -0.368212
0.070740 	 459.833333 	 -0.370873
0.070785 	 459.833333 	 -0.373541
0.070830 	 459.833333 	 -0.376186
0.070875 	 459.833333 	 -0.378782
0.070920 	 459.833333 	 -0.381309
0.070965 	 459.833333 	 -0.383747
0.071010 	 459.833333 	 -0.386077
0.071055 	 459.833333 	 -0.388281
0.071100 	 459.833333 	 -0.390338
0.071145 	 459.833333 	 -0.392224
0.071190 	 459.833333 	 -0.393913
0.071235 	 459.833333 	 -0.395374
0.071280 	 459.833333 	 -0.396576
0.071325 	 459.833333 	 -0.397483
0.071370 	 459.833333 	 -0.398065
0.071415 	 459.833333 	 -0.398292
0.071460 	 459.833333 	 -0.398142
0.071505 	 459.833333 	 -0.397602
0.071550 	 459.833333 	 -0.396670
0.071595 	 459.833333 	 -0.395358
0.071640 	 459.833333 	 -0.393690
0.071685 	 459.833333 	 -0.391706
0.071730 	 459.833333 	 -0.389458
0.071775 	 459.833333 	 -0.387009
0.071820 	 459.833333 	 -0.384430
0.071865 	 459.833333 	 -0.381794
0.071910 	 459.833333 	 -0.379176
0.071955 	 459.833333 	 -0.376645
0.072000 	 459.833333 	 -0.374263
0.072045 	 459.833333 	 -0.372080
0.072090 	 459.833333 	 -0.370130
0.072135 	 459.833333 	 -0.368433
0.072180 	 459.833333 	 -0.366994
0.072225 	 459.833333 	 -0.365804
0.072270 	 459.833333 	 -0.364842
0.072315 	 459.833333 	 -0.364080
0.072360 	 459.833333 	 -0.363486
0.072405 	 459.833333 	 -0.363032
0.072450 	 459.833333 	 -0.362694
0.072495 	 459.833333 	 -0.362460
0.072540 	 459.833333 	 -0.362329
0.072585 	 459.833333 	 -0.362318
0.072630 	 459.833333 	 -0.362459
0.072675 	 459.833333 	 -0.362797
0.072720 	 459.833333 	 -0.363391
0.072765 	 459.833333 	 -0.364303
0.072810 	 459.833333 	 -0.365600
0.072855 	 459.833333 	 -0.367339
0.072900 	 459.833333 	 -0.369570
0.072945 	 459.833333 	 -0.372319
0.072990 	 459.833333 	 -0.375590
0.073035 	 459.833333 	 -0.379359
0.073080 	 459.833333 	 -0.383569
0.073125 	 459.833333 	 -0.388132
0.073170 	 459.833333 	 -0.392928
0.073215 	 459.833333 	 -0.397815
0.073260 	 459.833333 	 -0.402626
0.073305 	 459.833333 	 -0.407184
0.073350 	 459.833333 	 -0.411311
0.073395 	 459.833333 	 -0.414830
0.073440 	 459.833333 	 -0.417586
0.073485 	 459.833333 	 -0.419446
0.073530 	 459.833333 	 -0.420310
0.073575 	 459.833333 	 -0.420120
0.073620 	 459.833333 	 -0.418860
0.073665 	 459.833333 	 -0.416558
0.073710 	 459.833333 	 -0.413289
0.073755 	 459.833333 	 -0.409164
0.073800 	 459.833333 	 -0.404333
0.073845 	 459.833333 	 -0.398971
0.073890 	 459.833333 	 -0.393268
0.073935 	 459.833333 	 -0.387427
0.073980 	 459.833333 	 -0.381644
0.074025 	 459.833333 	 -0.376105
0.074070 	 459.833333 	 -0.370977
0.074115 	 459.833333 	 -0.366397
0.074160 	 459.833333 	 -0.362471
0.074205 	 459.833333 	 -0.359271
0.074250 	 459.833333 	 -0.356832
0.074295 	 459.833333 	 -0.355154
0.074340 	 459.833333 	 -0.354208
0.074385 	 459.833333 	 -0.353938
0.074430 	 459.833333 	 -0.354268
0.074475 	 459.833333 	 -0.355110
0.074520 	 459.833333 	 -0.356372
0.074565 	 459.833333 	 -0.357959
0.074610 	 459.833333 	 -0.359786
0.074655 	 459.833333 	 -0.361776
0.074700 	 459.833333 	 -0.363870
0.074745 	 459.833333 	 -0.366023
0.074790 	 459.833333 	 -0.368208
0.074835 	 459.833333 	 -0.370414
0.074880 	 459.833333 	 -0.372640
0.074925 	 459.833333 	 -0.374898
0.074970 	 459.833333 	 -0.377206
0.075015 	 459.833333 	 -0.379583
0.075060 	 459.833333 	 -0.382045
0.075105 	 459.833333 	 -0.384603
0.075150 	 459.833333 	 -0.387260
0.075195 	 459.833333 	 -0.390007
0.075240 	 459.833333 	 -0.392825
0.075285 	 459.833333 	 -0.395683
0.075330 	 459.833333 	 -0.398538
0.075375 	 459.833333 	 -0.401340
0.075420 	 459.833333 	 -0.404034
0.075465 	 459.833333 	 -0.406561
0.075510 	 459.833333 	 -0.408864
0.075555 	 459.833333 	 -0.410891
0.075600 	 459.833333 	 -0.412597
0.075645 	 459.833333 	 -0.413950
0.075690 	 459.833333 	 -0.414927
0.075735 	 459.833333 	 -0.415525
0.075780 	 459.833333 	 -0.415751
0.075825 	 459.833333 	 -0.415630
0.075870 	 459.833333 	 -0.415201
0.075915 	 459.833333 	 -0.414516
0.075960 	 459.833333 	 -0.413635
0.076005 	 459.833333 	 -0.412629
0.076050 	 459.833333 	 -0.411571
0.076095 	 459.833333 	 -0.410537
0.076140 	 459.833333 	 -0.409601
0.076185 	 459.833333 	 -0.408832
0.076230 	 459.833333 	 -0.408291
0.076275 	 459.833333 	 -0.408031
0.076320 	 459.833333 	 -0.408091
0.076365 	 459.833333 	 -0.408499
0.076410 	 459.833333 	 -0.409268
0.076455 	 459.833333 	 -0.410395
0.076500 	 459.833333 	 -0.411865
0.076545 	 459.833333 	 -0.413647
0.076590 	 459.833333 	 -0.415700
0.076635 	 459.833333 	 -0.417970
0.076680 	 459.833333 	 -0.420394
0.076725 	 459.833333 	 -0.422902
0.076770 	 459.833333 	 -0.425419
0.076815 	 459.833333 	 -0.427868
0.076860 	 459.833333 	 -0.430174
0.076905 	 459.833333 	 -0.432263
0.076950 	 459.833333 	 -0.434068
0.076995 	 459.833333 	 -0.435532
0.077040 	 459.833333 	 -0.436607
0.077085 	 459.833333 	 -0.437259
0.077130 	 459.833333 	 -0.437467
0.077175 	 459.833333 	 -0.437227
0.077220 	 459.833333 	 -0.436553
0.077265 	 459.833333 	 -0.435473
0.077310 	 459.833333 	 -0.434034
0.077355 	 459.833333 	 -0.432296
0.077400 	 459.833333 	 -0.430334
0.077445 	 459.833333 	 -0.428233
0.077490 	 459.833333 	 -0.426088
0.077535 	 459.833333 	 -0.423998
0.077580 	 459.833333 	 -0.422066
0.077625 	 459.833333 	 -0.420388
0.077670 	 459.833333 	 -0.419059
0.077715 	 459.833333 	 -0.418160
0.077760 	 459.833333 	 -0.417761
0.077805 	 459.833333 	 -0.417913
0.077850 	 459.833333 	 -0.418648
0.077895 	 459.833333 	 -0.419976
0.077940 	 459.833333 	 -0.421885
0.077985 	 459.833333 	 -0.424338
0.078030 	 459.833333 	 -0.427278
0.078075 	 459.833333 	 -0.430626
0.078120 	 459.833333 	 -0.434285
0.078165 	 459.833333 	 -0.438143
0.078210 	 459.833333 	 -0.442079
0.078255 	 459.833333 	 -0.445965
0.078300 	 459.833333 	 -0.449673
0.078345 	 459.833333 	 -0.453080
0.078390 	 459.833333 	 -0.456073
0.078435 	 459.833333 	 -0.458553
0.078480 	 459.833333 	 -0.460440
0.078525 	 459.833333 	 -0.461676
0.078570 	 459.833333 	 -0.462229
0.078615 	 459.833333 	 -0.462092
0.078660 	 459.833333 	 -0.461287
0.078705 	 459.833333 	 -0.459858
0.078750 	 459.833333 	 -0.457876
0.078795 	 459.833333 	 -0.455433
0.078840 	 459.833333 	 -0.452637
0.078885 	 459.833333 	 -0.449612
0.078930 	 459.833333 	 -0.446488
0.078975 	 459.833333 	 -0.443399
0.079020 	 459.833333 	 -0.440478
0.079065 	 459.833333 	 -0.437849
0.079110 	 459.833333 	 -0.435629
0.079155 	 459.833333 	 -0.433915
0.079200 	 459.833333 	 -0.432790
0.079245 	 459.833333 	 -0.432311
0.079290 	 459.833333 	 -0.432515
0.079335 	 459.833333 	 -0.433416
0.079380 	 459.833333 	 -0.434999
0.079425 	 459.833333 	 -0.437231
0.079470 	 459.833333 	 -0.440052
0.079515 	 459.833333 	 -0.443384
0.079560 	 459.833333 	 -0.447129
0.079605 	 459.833333 	 -0.451178
0.079650 	 459.833333 	 -0.455407
0.079695 	 459.833333 	 -0.459688
0.079740 	 459.833333 	 -0.463886
0.079785 	 459.833333 	 -0.467873
0.079830 	 459.833333 	 -0.471524
0.079875 	 459.833333 	 -0.474726
0.079920 	 459.833333 	 -0.477384
0.079965 	 459.833333 	 -0.479419
0.080010 	 459.833333 	 -0.480780
0.080055 	 459.833333 	 -0.481441
0.080100 	 459.833333 	 -0.481406
0.080145 	 459.833333 	 -0.480709
0.080190 	 459.833333 	 -0.479414
0.080235 	 459.833333 	 -0.477615
0.080280 	 459.833333 	 -0.475428
0.080325 	 459.833333 	 -0.472993
0.080370 	 459.833333 	 -0.470463
0.080415 	 459.833333 	 -0.467998
0.080460 	 459.833333 	 -0.465758
0.080505 	 459.833333 	 -0.463894
0.080550 	 459.833333 	 -0.462538
0.080595 	 459.833333 	 -0.461799
0.080640 	 459.833333 	 -0.461749
0.080685 	 459.833333 	 -0.462425
0.080730 	 459.833333 	 -0.463821
0.080775 	 459.833333 	 -0.465888
0.080820 	 459.833333 	 -0.468537
0.080865 	 459.833333 	 -0.471640
0.080910 	 459.833333 	 -0.475040
0.080955 	 459.833333 	 -0.478559
0.081000 	 459.833333 	 -0.482008
0.081045 	 459.833333 	 -0.485196
0.081090 	 459.833333 	 -0.487950
0.081135 	 459.833333 	 -0.490120
0.081180 	 459.833333 	 -0.491590
0.081225 	 459.833333 	 -0.492289
0.081270 	 459.833333 	 -0.492196
0.081315 	 459.833333 	 -0.491344
0.081360 	 459.833333 	 -0.489812
0.081405 	 459.833333 	 -0.487732
0.081450 	 459.833333 	 -0.485271
0.081495 	 459.833333 	 -0.482626
0.081540 	 459.833333 	 -0.480009
0.081585 	 459.833333 	 -0.477633
0.081630 	 459.833333 	 -0.475698
0.081675 	 459.833333 	 -0.474377
0.081720 	 459.833333 	 -0.473804
0.081765 	 459.833333 	 -0.474064
0.081810 	 459.833333 	 -0.475187
0.081855 	 459.833333 	 -0.477147
0.081900 	 459.833333 	 -0.479861
0.081945 	 459.833333 	 -0.483199
0.081990 	 459.833333 	 -0.486989
0.082035 	 459.833333 	 -0.491033
0.082080 	 459.833333 	 -0.495119
0.082125 	 459.833333 	 -0.499039
0.082170 	 459.833333 	 -0.502601
0.082215 	 459.833333 	 -0.505643
0.082260 	 459.833333 	 -0.508046
0.082305 	 459.833333 	 -0.509742
0.082350 	 459.833333 	 -0.510715
0.082395 	 459.833333 	 -0.511003
0.082440 	 459.833333 	 -0.510694
0.082485 	 459.833333 	 -0.509916
0.082530 	 459.833333 	 -0.508824
0.082575 	 459.833333 	 -0.507593
0.082620 	 459.833333 	 -0.506393
0.082665 	 459.833333 	 -0.505385
0.082710 	 459.833333 	 -0.504700
0.082755 	 459.833333 	 -0.504432
0.082800 	 459.833333 	 -0.504630
0.082845 	 459.833333 	 -0.505295
0.082890 	 459.833333 	 -0.506380
0.082935 	 459.833333 	 -0.507795
0.082980 	 459.833333 	 -0.509418
0.083025 	 459.833333 	 -0.511105
0.083070 	 459.833333 	 -0.512706
0.083115 	 459.833333 	 -0.514076
0.083160 	 459.833333 	 -0.515093
0.083205 	 459.833333 	 -0.515668
0.083250 	 459.833333 	 -0.515756
0.083295 	 459.833333 	 -0.515359
0.083340 	 459.833333 	 -0.514531
0.083385 	 459.833333 	 -0.513372
0.083430 	 459.833333 	 -0.512020
0.083475 	 459.833333 	 -0.510643
0.083520 	 459.833333 	 -0.509421
0.083565 	 459.833333 	 -0.508533
0.083610 	 459.833333 	 -0.508139
0.083655 	 459.833333 	 -0.508366
0.083700 	 459.833333 	 -0.509294
0.083745 	 459.833333 	 -0.510951
0.083790 	 459.833333 	 -0.513301
0.083835 	 459.833333 	 -0.516253
0.083880 	 459.833333 	 -0.519659
0.083925 	 459.833333 	 -0.523328
0.083970 	 459.833333 	 -0.527040
0.084015 	 459.833333 	 -0.530560
0.084060 	 459.833333 	 -0.533662
0.084105 	 459.833333 	 -0.536141
0.084150 	 459.833333 	 -0.537835
0.084195 	 459.833333 	 -0.538634
0.084240 	 459.833333 	 -0.538497
0.084285 	 459.833333 	 -0.537451
0.084330 	 459.833333 	 -0.535593
0.084375 	 459.833333 	 -0.533082
0.084420 	 459.833333 	 -0.530131
0.084465 	 459.833333 	 -0.526989
0.084510 	 459.833333 	 -0.523922
0.084555 	 459.833333 	 -0.521196
0.084600 	 459.833333 	 -0.519053
0.084645 	 459.833333 	 -0.517695
0.084690 	 459.833333 	 -0.517265
0.084735 	 459.833333 	 -0.517839
0.084780 	 459.833333 	 -0.519422
0.084825 	 459.833333 	 -0.521940
0.084870 	 459.833333 	 -0.525253
0.084915 	 459.833333 	 -0.529163
0.084960 	 459.833333 	 -0.533428
0.085005 	 459.833333 	 -0.537784
0.085050 	 459.833333 	 -0.541962
0.085095 	 459.833333 	 -0.545709
0.085140 	 459.833333 	 -0.548810
0.085185 	 459.833333 	 -0.551099
0.085230 	 459.833333 	 -0.552476
0.085275 	 459.833333 	 -0.552908
0.085320 	 459.833333 	 -0.552437
0.085365 	 459.833333 	 -0.551167
0.085410 	 459.833333 	 -0.549263
0.085455 	 459.833333 	 -0.546932
0.085500 	 459.833333 	 -0.544405
0.085545 	 459.719883 	 -0.541924
0.085590 	 459.379645 	 -0.539717
0.085635 	 458.812955 	 -0.537983
0.085680 	 458.020372 	 -0.536879
0.085725 	 457.002678 	 -0.536507
0.085770 	 455.760877 	 -0.536906
0.085815 	 454.296196 	 -0.538056
0.085860 	 452.610078 	 -0.539877
0.085905 	 450.704190 	 -0.542240
0.085950 	 448.580411 	 -0.544979
0.085995 	 446.240837 	 -0.547906
0.086040 	 443.687777 	 -0.550824
0.086085 	 440.923751 	 -0.553549
0.086130 	 437.951486 	 -0.555919
0.086175 	 434.773917 	 -0.557812
0.086220 	 431.394178 	 -0.559147
0.086265 	 427.815604 	 -0.559898
0.086310 	 424.041729 	 -0.560086
0.086355 	 420.076275 	 -0.559780
0.086400 	 415.923157 	 -0.559086
0.086445 	 411.586473 	 -0.558139
0.086490 	 407.070503 	 -0.557089
0.086535 	 402.379703 	 -0.556087
0.086580 	 397.518704 	 -0.555272
0.086625 	 392.492301 	 -0.554761
0.086670 	 387.305455 	 -0.554638
0.086715 	 381.963286 	 -0.554949
0.086760 	 376.471066 	 -0.555698
0.086805 	 370.834213 	 -0.556852
0.086850 	 365.058293 	 -0.558342
0.086895 	 359.149003 	 -0.560073
0.086940 	 353.112177 	 -0.561930
0.086985 	 346.953772 	 -0.563796
0.087030 	 340.679866 	 -0.565555
0.087075 	 334.296649 	 -0.567107
0.087120 	 327.810422 	 -0.568375
0.087165 	 321.227586 	 -0.569313
0.087210 	 314.554637 	 -0.569904
0.087255 	 307.798160 	 -0.570167
0.087300 	 300.964824 	 -0.570147
0.087345 	 294.061372 	 -0.569917
0.087390 	 287.094617 	 -0.569563
0.087435 	 280.071434 	 -0.569180
0.087480 	 272.998754 	 -0.568863
0.087525 	 265.883557 	 -0.568695
0.087570 	 258.732866 	 -0.568743
0.087615 	 251.553736 	 -0.569050
0.087660 	 244.353254 	 -0.569633
0.087705 	 237.138524 	 -0.570483
0.087750 	 229.916667 	 -0.571564
0.087795 	 222.694810 	 -0.572821
0.087840 	 215.480080 	 -0.574184
0.087885 	 208.279597 	 -0.575576
0.087930 	 201.100467 	 -0.576919
0.087975 	 193.949776 	 -0.578143
0.088020 	 186.834579 	 -0.579193
0.088065 	 179.761900 	 -0.580031
0.088110 	 172.738717 	 -0.580642
0.088155 	 165.771962 	 -0.581035
0.088200 	 158.868509 	 -0.581237
0.088245 	 152.035173 	 -0.581296
0.088290 	 145.278697 	 -0.581269
0.088335 	 138.605747 	 -0.581223
0.088380 	 132.022911 	 -0.581222
0.088425 	 125.536684 	 -0.581326
0.088470 	 119.153468 	 -0.581581
0.088515 	 112.879561 	 -0.582017
0.088560 	 106.721156 	 -0.582646
0.088605 	 100.684330 	 -0.583461
0.088650 	 94.775041 	 -0.584434
0.088695 	 88.999120 	 -0.585525
0.088740 	 83.362268 	 -0.586683
0.088785 	 77.870047 	 -0.587849
0.088830 	 72.527878 	 -0.588968
0.088875 	 67.341033 	 -0.589989
0.088920 	 62.314630 	 -0.590873
0.088965 	 57.453630 	 -0.591596
0.089010 	 52.762830 	 -0.592149
0.089055 	 48.246860 	 -0.592543
0.089100 	 43.910176 	 -0.592801
0.089145 	 39.757058 	 -0.592962
0.089190 	 35.791604 	 -0.593074
0.089235 	 32.017729 	 -0.593187
0.089280 	 28.439156 	 -0.593350
0.089325 	 25.059417 	 -0.593606
0.089370 	 21.881847 	 -0.593990
0.089415 	 18.909582 	 -0.594518
0.089460 	 16.145556 	 -0.595195
0.089505 	 13.592497 	 -0.596010
0.089550 	 11.252923 	 -0.596937
0.089595 	 9.129143 	 -0.597939
0.089640 	 7.223255 	 -0.598972
0.089685 	 5.537138 	 -0.599991
0.089730 	 4.072456 	 -0.600952
0.089775 	 2.830656 	 -0.601818
0.089820 	 1.812962 	 -0.602564
0.089865 	 1.020378 	 -0.603175
0.089910 	 0.453688 	 -0.603655
0.089955 	 0.113450 	 -0.604018
0.090000 	 0.000000 	 0.000000
